607	691
608	691
609	691
610	691
606	692
611	692
605	693
612	693
603	694
604	694
613	694
602	695
613	695
600	696
601	696
614	696
599	697
614	697
598	698
614	698
596	699
597	699
614	699
595	700
614	700
593	701
594	701
615	701
592	702
615	702
590	703
591	703
615	703
589	704
615	704
588	705
615	705
587	706
615	706
1410	706
1411	706
1412	706
1413	706
1414	706
1415	706
586	707
615	707
1403	707
1404	707
1405	707
1406	707
1407	707
1408	707
1409	707
1416	707
1417	707
1418	707
1419	707
1553	707
1554	707
1555	707
1556	707
1557	707
1558	707
1559	707
1560	707
1561	707
1562	707
1563	707
1564	707
1565	707
1566	707
1567	707
585	708
615	708
1400	708
1401	708
1402	708
1420	708
1421	708
1422	708
1544	708
1545	708
1546	708
1547	708
1548	708
1549	708
1550	708
1551	708
1552	708
1568	708
1569	708
1570	708
1571	708
1572	708
1573	708
1574	708
1575	708
1576	708
1577	708
1578	708
1579	708
584	709
615	709
1397	709
1398	709
1399	709
1423	709
1536	709
1537	709
1538	709
1539	709
1540	709
1541	709
1542	709
1543	709
1580	709
1581	709
1582	709
1583	709
1584	709
1585	709
1586	709
1587	709
1588	709
1589	709
1590	709
1591	709
583	710
615	710
1394	710
1395	710
1396	710
1423	710
1533	710
1534	710
1535	710
1592	710
1593	710
1594	710
1595	710
1596	710
1597	710
1598	710
1599	710
1600	710
1601	710
1602	710
1603	710
582	711
615	711
1392	711
1393	711
1423	711
1531	711
1532	711
1604	711
1605	711
1606	711
1607	711
1608	711
1609	711
581	712
615	712
1389	712
1390	712
1391	712
1423	712
1528	712
1529	712
1530	712
1610	712
1611	712
1612	712
580	713
615	713
1386	713
1387	713
1388	713
1423	713
1526	713
1527	713
1613	713
1614	713
579	714
615	714
1383	714
1384	714
1385	714
1422	714
1523	714
1524	714
1525	714
1615	714
1616	714
578	715
615	715
1380	715
1381	715
1382	715
1422	715
1521	715
1522	715
1617	715
1618	715
1619	715
577	716
615	716
1378	716
1379	716
1422	716
1518	716
1519	716
1520	716
1620	716
1621	716
576	717
615	717
1375	717
1376	717
1377	717
1421	717
1515	717
1516	717
1517	717
1622	717
1623	717
1624	717
575	718
615	718
1372	718
1373	718
1374	718
1421	718
1513	718
1514	718
1625	718
1626	718
574	719
615	719
1369	719
1370	719
1371	719
1421	719
1510	719
1511	719
1512	719
1627	719
1628	719
573	720
615	720
1366	720
1367	720
1368	720
1421	720
1508	720
1509	720
1629	720
1630	720
1631	720
572	721
616	721
1364	721
1365	721
1420	721
1505	721
1506	721
1507	721
1632	721
1633	721
571	722
616	722
1361	722
1362	722
1363	722
1420	722
1503	722
1504	722
1634	722
1635	722
1636	722
570	723
616	723
1358	723
1359	723
1360	723
1420	723
1500	723
1501	723
1502	723
1637	723
1638	723
569	724
616	724
1355	724
1356	724
1357	724
1419	724
1498	724
1499	724
1639	724
1640	724
568	725
616	725
1352	725
1353	725
1354	725
1419	725
1496	725
1497	725
1641	725
568	726
616	726
1350	726
1351	726
1419	726
1494	726
1495	726
1642	726
567	727
616	727
1347	727
1348	727
1349	727
1418	727
1492	727
1493	727
1643	727
1644	727
566	728
616	728
1344	728
1345	728
1346	728
1418	728
1490	728
1491	728
1645	728
566	729
616	729
1341	729
1342	729
1343	729
1418	729
1488	729
1489	729
1646	729
1647	729
565	730
616	730
1338	730
1339	730
1340	730
1418	730
1486	730
1487	730
1648	730
565	731
616	731
1336	731
1337	731
1417	731
1484	731
1485	731
1649	731
564	732
616	732
1333	732
1334	732
1335	732
1417	732
1482	732
1483	732
1650	732
1651	732
563	733
616	733
1330	733
1331	733
1332	733
1417	733
1480	733
1481	733
1652	733
563	734
616	734
1327	734
1328	734
1329	734
1417	734
1478	734
1479	734
1653	734
562	735
616	735
1324	735
1325	735
1326	735
1417	735
1476	735
1477	735
1654	735
1655	735
561	736
616	736
1322	736
1323	736
1417	736
1474	736
1475	736
1656	736
561	737
616	737
1319	737
1320	737
1321	737
1417	737
1472	737
1473	737
1657	737
560	738
616	738
1316	738
1317	738
1318	738
1418	738
1470	738
1471	738
1658	738
1659	738
560	739
616	739
1313	739
1314	739
1315	739
1418	739
1468	739
1469	739
1660	739
559	740
616	740
1310	740
1311	740
1312	740
1418	740
1465	740
1466	740
1467	740
1661	740
1662	740
558	741
617	741
1308	741
1309	741
1418	741
1462	741
1463	741
1464	741
1663	741
558	742
617	742
1305	742
1306	742
1307	742
1419	742
1458	742
1459	742
1460	742
1461	742
1612	742
1613	742
1614	742
1615	742
1616	742
1617	742
1618	742
1619	742
1620	742
1664	742
557	743
617	743
1302	743
1303	743
1304	743
1419	743
1454	743
1455	743
1456	743
1457	743
1609	743
1610	743
1611	743
1621	743
1622	743
1623	743
1624	743
1625	743
1626	743
1627	743
1628	743
1629	743
1665	743
1666	743
557	744
617	744
1299	744
1300	744
1301	744
1419	744
1441	744
1442	744
1443	744
1444	744
1445	744
1446	744
1447	744
1448	744
1449	744
1450	744
1451	744
1452	744
1453	744
1605	744
1606	744
1607	744
1608	744
1630	744
1631	744
1632	744
1633	744
1634	744
1667	744
556	745
617	745
1296	745
1297	745
1298	745
1419	745
1431	745
1432	745
1433	745
1434	745
1435	745
1436	745
1437	745
1438	745
1439	745
1440	745
1602	745
1603	745
1604	745
1635	745
1636	745
1668	745
555	746
617	746
1293	746
1294	746
1295	746
1420	746
1428	746
1429	746
1430	746
1598	746
1599	746
1600	746
1601	746
1637	746
1669	746
1670	746
555	747
617	747
1291	747
1292	747
1420	747
1426	747
1427	747
1596	747
1597	747
1638	747
1639	747
1671	747
554	748
617	748
1288	748
1289	748
1290	748
1420	748
1423	748
1424	748
1425	748
1594	748
1595	748
1640	748
1641	748
1672	748
554	749
617	749
1285	749
1286	749
1287	749
1421	749
1422	749
1592	749
1593	749
1642	749
1643	749
1673	749
1674	749
553	750
617	750
1282	750
1283	750
1284	750
1591	750
1644	750
1645	750
1675	750
1731	750
1732	750
1733	750
1734	750
1735	750
1736	750
1737	750
1738	750
1739	750
1740	750
1741	750
1742	750
1743	750
1744	750
1745	750
1746	750
1747	750
1748	750
1749	750
1750	750
1751	750
553	751
617	751
1279	751
1280	751
1281	751
1589	751
1590	751
1646	751
1676	751
1714	751
1715	751
1716	751
1717	751
1718	751
1719	751
1720	751
1721	751
1722	751
1723	751
1724	751
1725	751
1726	751
1727	751
1728	751
1729	751
1730	751
1752	751
1753	751
1754	751
552	752
616	752
1277	752
1278	752
1587	752
1588	752
1647	752
1648	752
1677	752
1678	752
1711	752
1712	752
1713	752
1755	752
1756	752
552	753
616	753
1274	753
1275	753
1276	753
1585	753
1586	753
1649	753
1679	753
1709	753
1710	753
1757	753
1758	753
1759	753
551	754
615	754
992	754
993	754
994	754
995	754
996	754
997	754
998	754
1032	754
1033	754
1034	754
1271	754
1272	754
1273	754
1583	754
1584	754
1650	754
1680	754
1681	754
1707	754
1708	754
1760	754
1761	754
1762	754
551	755
614	755
991	755
999	755
1000	755
1026	755
1027	755
1028	755
1029	755
1030	755
1031	755
1035	755
1268	755
1269	755
1270	755
1582	755
1650	755
1682	755
1705	755
1706	755
1763	755
1764	755
1765	755
550	756
614	756
990	756
1001	756
1002	756
1025	756
1036	756
1037	756
1063	756
1064	756
1065	756
1066	756
1067	756
1068	756
1069	756
1070	756
1071	756
1093	756
1094	756
1095	756
1096	756
1097	756
1098	756
1099	756
1100	756
1265	756
1266	756
1267	756
1580	756
1581	756
1651	756
1683	756
1703	756
1704	756
1766	756
1767	756
550	757
613	757
989	757
1003	757
1004	757
1024	757
1038	757
1062	757
1072	757
1089	757
1090	757
1091	757
1092	757
1101	757
1102	757
1103	757
1104	757
1117	757
1118	757
1119	757
1120	757
1121	757
1122	757
1123	757
1124	757
1263	757
1264	757
1578	757
1579	757
1651	757
1684	757
1685	757
1701	757
1702	757
1768	757
1769	757
1770	757
549	758
613	758
960	758
961	758
962	758
963	758
964	758
988	758
1005	758
1006	758
1023	758
1039	758
1040	758
1060	758
1061	758
1073	758
1074	758
1088	758
1105	758
1106	758
1115	758
1116	758
1125	758
1126	758
1127	758
1128	758
1129	758
1260	758
1261	758
1262	758
1576	758
1577	758
1651	758
1686	758
1699	758
1700	758
1771	758
1772	758
1773	758
549	759
612	759
959	759
965	759
966	759
967	759
987	759
1007	759
1021	759
1022	759
1041	759
1059	759
1075	759
1087	759
1107	759
1113	759
1114	759
1130	759
1131	759
1132	759
1133	759
1257	759
1258	759
1259	759
1574	759
1575	759
1651	759
1687	759
1697	759
1698	759
1774	759
1775	759
1776	759
548	760
612	760
958	760
968	760
969	760
986	760
1008	760
1020	760
1042	760
1043	760
1058	760
1076	760
1086	760
1108	760
1112	760
1134	760
1135	760
1136	760
1137	760
1138	760
1254	760
1255	760
1256	760
1401	760
1402	760
1403	760
1404	760
1405	760
1406	760
1407	760
1408	760
1409	760
1410	760
1411	760
1572	760
1573	760
1652	760
1688	760
1689	760
1695	760
1696	760
1777	760
1778	760
548	761
611	761
957	761
970	761
971	761
985	761
1009	761
1019	761
1044	761
1057	761
1077	761
1078	761
1085	761
1109	761
1110	761
1111	761
1139	761
1140	761
1251	761
1252	761
1253	761
1392	761
1393	761
1394	761
1395	761
1396	761
1397	761
1398	761
1399	761
1400	761
1412	761
1413	761
1414	761
1415	761
1416	761
1417	761
1418	761
1419	761
1420	761
1421	761
1422	761
1423	761
1424	761
1425	761
1426	761
1427	761
1428	761
1429	761
1571	761
1652	761
1690	761
1693	761
1694	761
1779	761
1780	761
1781	761
547	762
611	762
957	762
972	762
973	762
974	762
985	762
1010	762
1017	762
1018	762
1045	762
1046	762
1056	762
1079	762
1084	762
1109	762
1141	762
1249	762
1250	762
1382	762
1383	762
1384	762
1385	762
1386	762
1387	762
1388	762
1389	762
1390	762
1391	762
1430	762
1431	762
1432	762
1433	762
1434	762
1435	762
1436	762
1437	762
1438	762
1439	762
1440	762
1441	762
1570	762
1652	762
1691	762
1692	762
1782	762
1783	762
1784	762
547	763
610	763
956	763
975	763
976	763
984	763
1010	763
1016	763
1047	763
1055	763
1080	763
1083	763
1109	763
1142	763
1246	763
1247	763
1248	763
1372	763
1373	763
1374	763
1375	763
1376	763
1377	763
1378	763
1379	763
1380	763
1381	763
1442	763
1443	763
1569	763
1653	763
1691	763
1785	763
1786	763
1787	763
546	764
609	764
955	764
977	764
978	764
979	764
983	764
1010	764
1014	764
1015	764
1048	764
1054	764
1080	764
1081	764
1082	764
1109	764
1143	764
1243	764
1244	764
1245	764
1362	764
1363	764
1364	764
1365	764
1366	764
1367	764
1368	764
1369	764
1370	764
1371	764
1444	764
1445	764
1446	764
1568	764
1653	764
1691	764
1788	764
1789	764
546	765
609	765
955	765
980	765
981	765
982	765
1011	765
1012	765
1013	765
1049	765
1053	765
1081	765
1109	765
1144	765
1240	765
1241	765
1242	765
1353	765
1354	765
1355	765
1356	765
1357	765
1358	765
1359	765
1360	765
1361	765
1447	765
1448	765
1449	765
1567	765
1653	765
1691	765
1790	765
1791	765
1792	765
546	766
608	766
954	766
1049	766
1052	766
1081	766
1109	766
1145	766
1146	766
1237	766
1238	766
1239	766
1343	766
1344	766
1345	766
1346	766
1347	766
1348	766
1349	766
1350	766
1351	766
1352	766
1450	766
1451	766
1567	766
1653	766
1691	766
1793	766
1794	766
546	767
608	767
953	767
1049	767
1051	767
1109	767
1147	767
1235	767
1236	767
1333	767
1334	767
1335	767
1336	767
1337	767
1338	767
1339	767
1340	767
1341	767
1342	767
1452	767
1453	767
1454	767
1566	767
1654	767
1691	767
1795	767
545	768
607	768
953	768
1050	768
1109	768
1148	768
1232	768
1233	768
1234	768
1323	768
1324	768
1325	768
1326	768
1327	768
1328	768
1329	768
1330	768
1331	768
1332	768
1455	768
1456	768
1457	768
1565	768
1654	768
1691	768
1796	768
1797	768
545	769
607	769
952	769
1050	769
1109	769
1148	769
1229	769
1230	769
1231	769
1316	769
1317	769
1318	769
1319	769
1320	769
1321	769
1322	769
1458	769
1459	769
1460	769
1564	769
1654	769
1690	769
1798	769
1799	769
545	770
606	770
951	770
1050	770
1109	770
1149	770
1226	770
1227	770
1228	770
1311	770
1312	770
1313	770
1314	770
1315	770
1461	770
1462	770
1564	770
1654	770
1690	770
1800	770
1801	770
544	771
606	771
951	771
1050	771
1109	771
1149	771
1223	771
1224	771
1225	771
1306	771
1307	771
1308	771
1309	771
1310	771
1463	771
1464	771
1465	771
1563	771
1655	771
1690	771
1802	771
1803	771
544	772
606	772
950	772
1050	772
1109	772
1150	772
1220	772
1221	772
1222	772
1300	772
1301	772
1302	772
1303	772
1304	772
1305	772
1466	772
1467	772
1468	772
1562	772
1655	772
1690	772
1804	772
544	773
605	773
950	773
1050	773
1108	773
1150	773
1218	773
1219	773
1295	773
1296	773
1297	773
1298	773
1299	773
1469	773
1470	773
1561	773
1655	773
1690	773
1805	773
1806	773
544	774
605	774
949	774
1050	774
1108	774
1151	774
1215	774
1216	774
1217	774
1289	774
1290	774
1291	774
1292	774
1293	774
1294	774
1471	774
1472	774
1561	774
1655	774
1690	774
1807	774
1808	774
543	775
605	775
949	775
1050	775
1108	775
1151	775
1160	775
1161	775
1162	775
1163	775
1164	775
1165	775
1166	775
1167	775
1168	775
1169	775
1170	775
1171	775
1172	775
1173	775
1174	775
1212	775
1213	775
1214	775
1284	775
1285	775
1286	775
1287	775
1288	775
1473	775
1560	775
1655	775
1689	775
1809	775
1810	775
543	776
605	776
948	776
1050	776
1108	776
1151	776
1152	776
1153	776
1154	776
1155	776
1156	776
1157	776
1158	776
1159	776
1175	776
1176	776
1177	776
1178	776
1179	776
1180	776
1181	776
1209	776
1210	776
1211	776
1279	776
1280	776
1281	776
1282	776
1283	776
1474	776
1559	776
1655	776
1689	776
1811	776
1812	776
543	777
604	777
948	777
1050	777
1108	777
1151	777
1182	777
1183	777
1184	777
1185	777
1186	777
1187	777
1188	777
1189	777
1205	777
1206	777
1207	777
1208	777
1273	777
1274	777
1275	777
1276	777
1277	777
1278	777
1475	777
1559	777
1655	777
1689	777
1813	777
543	778
604	778
948	778
1050	778
1108	778
1151	778
1190	778
1191	778
1192	778
1193	778
1194	778
1195	778
1196	778
1197	778
1198	778
1199	778
1200	778
1201	778
1202	778
1203	778
1204	778
1268	778
1269	778
1270	778
1271	778
1272	778
1476	778
1558	778
1656	778
1689	778
1814	778
1815	778
542	779
604	779
947	779
1050	779
1108	779
1151	779
1263	779
1264	779
1265	779
1266	779
1267	779
1477	779
1557	779
1656	779
1689	779
1816	779
1817	779
542	780
604	780
947	780
1050	780
1108	780
1151	780
1257	780
1258	780
1259	780
1260	780
1261	780
1262	780
1478	780
1556	780
1656	780
1689	780
1818	780
1819	780
542	781
603	781
947	781
1050	781
1108	781
1151	781
1252	781
1253	781
1254	781
1255	781
1256	781
1479	781
1556	781
1656	781
1689	781
1820	781
1821	781
541	782
603	782
946	782
1050	782
1108	782
1151	782
1246	782
1247	782
1248	782
1249	782
1250	782
1251	782
1480	782
1555	782
1656	782
1688	782
1822	782
541	783
603	783
946	783
1050	783
1108	783
1151	783
1241	783
1242	783
1243	783
1244	783
1245	783
1481	783
1554	783
1656	783
1688	783
1823	783
541	784
603	784
945	784
1050	784
1108	784
1151	784
1236	784
1237	784
1238	784
1239	784
1240	784
1482	784
1554	784
1656	784
1688	784
1727	784
1728	784
1729	784
1730	784
1824	784
541	785
603	785
945	785
1050	785
1107	785
1151	785
1230	785
1231	785
1232	785
1233	785
1234	785
1235	785
1483	785
1554	785
1656	785
1688	785
1723	785
1724	785
1725	785
1726	785
1731	785
1732	785
1825	785
541	786
602	786
945	786
1050	786
1107	786
1151	786
1227	786
1228	786
1229	786
1484	786
1553	786
1657	786
1688	786
1719	786
1720	786
1721	786
1722	786
1733	786
1826	786
540	787
602	787
944	787
1050	787
1107	787
1151	787
1224	787
1225	787
1226	787
1485	787
1553	787
1657	787
1688	787
1715	787
1716	787
1717	787
1718	787
1734	787
1735	787
1826	787
540	788
602	788
944	788
1050	788
1107	788
1151	788
1222	788
1223	788
1486	788
1553	788
1657	788
1688	788
1713	788
1714	788
1736	788
1827	788
540	789
602	789
943	789
1050	789
1107	789
1151	789
1220	789
1221	789
1487	789
1553	789
1657	789
1687	789
1711	789
1712	789
1737	789
1738	789
1828	789
540	790
602	790
943	790
1050	790
1107	790
1151	790
1218	790
1219	790
1487	790
1552	790
1657	790
1687	790
1710	790
1739	790
1740	790
1829	790
539	791
602	791
943	791
1050	791
1107	791
1151	791
1216	791
1217	791
1486	791
1487	791
1488	791
1489	791
1552	791
1657	791
1687	791
1709	791
1741	791
1829	791
539	792
602	792
942	792
1050	792
1107	792
1148	792
1149	792
1150	792
1214	792
1215	792
1484	792
1485	792
1490	792
1552	792
1657	792
1687	792
1708	792
1742	792
1743	792
1830	792
539	793
602	793
942	793
1051	793
1107	793
1145	793
1146	793
1147	793
1212	793
1213	793
1482	793
1483	793
1491	793
1552	793
1657	793
1687	793
1706	793
1707	793
1744	793
1831	793
539	794
602	794
942	794
1051	794
1107	794
1142	794
1143	794
1144	794
1210	794
1211	794
1479	794
1480	794
1481	794
1492	794
1551	794
1657	794
1687	794
1705	794
1745	794
1746	794
1832	794
539	795
602	795
942	795
1051	795
1107	795
1139	795
1140	795
1141	795
1207	795
1208	795
1209	795
1477	795
1478	795
1493	795
1551	795
1658	795
1687	795
1704	795
1747	795
1748	795
1833	795
538	796
602	796
942	796
1051	796
1107	796
1136	796
1137	796
1138	796
1205	796
1206	796
1475	796
1476	796
1493	796
1551	796
1658	796
1686	796
1702	796
1703	796
1749	796
1833	796
538	797
602	797
603	797
604	797
941	797
1051	797
1106	797
1133	797
1134	797
1135	797
1203	797
1204	797
1473	797
1474	797
1494	797
1551	797
1658	797
1686	797
1701	797
1750	797
1751	797
1834	797
538	798
601	798
605	798
941	798
1051	798
1106	798
1130	798
1131	798
1132	798
1201	798
1202	798
1471	798
1472	798
1495	798
1551	798
1658	798
1686	798
1700	798
1752	798
1835	798
538	799
600	799
606	799
941	799
1051	799
1106	799
1126	799
1127	799
1128	799
1129	799
1199	799
1200	799
1469	799
1470	799
1496	799
1550	799
1658	799
1686	799
1698	799
1699	799
1753	799
1835	799
538	800
600	800
607	800
941	800
1051	800
1106	800
1123	800
1124	800
1125	800
1197	800
1198	800
1467	800
1468	800
1497	800
1550	800
1658	800
1686	800
1697	800
1754	800
1835	800
537	801
599	801
608	801
941	801
1051	801
1106	801
1120	801
1121	801
1122	801
1194	801
1195	801
1196	801
1465	801
1466	801
1498	801
1550	801
1658	801
1686	801
1696	801
1755	801
1836	801
537	802
598	802
609	802
941	802
1051	802
1106	802
1117	802
1118	802
1119	802
1191	802
1192	802
1193	802
1463	802
1464	802
1499	802
1550	802
1658	802
1685	802
1694	802
1695	802
1756	802
1836	802
537	803
597	803
610	803
941	803
1051	803
1106	803
1114	803
1115	803
1116	803
1188	803
1189	803
1190	803
1461	803
1462	803
1499	803
1549	803
1658	803
1685	803
1693	803
1757	803
1836	803
537	804
596	804
611	804
941	804
1051	804
1106	804
1111	804
1112	804
1113	804
1185	804
1186	804
1187	804
1459	804
1460	804
1500	804
1550	804
1658	804
1685	804
1692	804
1758	804
1836	804
537	805
590	805
591	805
592	805
593	805
594	805
595	805
612	805
940	805
1051	805
1106	805
1108	805
1109	805
1110	805
1182	805
1183	805
1184	805
1457	805
1458	805
1500	805
1550	805
1658	805
1685	805
1691	805
1759	805
1837	805
536	806
587	806
588	806
589	806
613	806
940	806
1051	806
1102	806
1103	806
1104	806
1105	806
1106	806
1107	806
1179	806
1180	806
1181	806
1455	806
1456	806
1500	806
1550	806
1658	806
1685	806
1689	806
1690	806
1760	806
1837	806
536	807
585	807
586	807
614	807
934	807
935	807
936	807
937	807
938	807
939	807
940	807
941	807
942	807
943	807
944	807
945	807
946	807
947	807
948	807
949	807
1051	807
1090	807
1091	807
1092	807
1093	807
1094	807
1095	807
1096	807
1097	807
1098	807
1099	807
1100	807
1101	807
1176	807
1177	807
1178	807
1453	807
1454	807
1501	807
1550	807
1658	807
1685	807
1688	807
1761	807
1762	807
1837	807
536	808
583	808
584	808
615	808
920	808
921	808
922	808
923	808
924	808
925	808
926	808
927	808
928	808
929	808
930	808
931	808
932	808
933	808
950	808
951	808
952	808
953	808
954	808
955	808
956	808
957	808
958	808
959	808
960	808
961	808
962	808
963	808
964	808
965	808
966	808
967	808
968	808
969	808
1051	808
1078	808
1079	808
1080	808
1081	808
1082	808
1083	808
1084	808
1085	808
1086	808
1087	808
1088	808
1089	808
1173	808
1174	808
1175	808
1451	808
1452	808
1501	808
1550	808
1658	808
1685	808
1686	808
1687	808
1763	808
1838	808
536	809
580	809
581	809
582	809
615	809
906	809
907	809
908	809
909	809
910	809
911	809
912	809
913	809
914	809
915	809
916	809
917	809
918	809
919	809
970	809
971	809
972	809
973	809
974	809
975	809
976	809
977	809
978	809
979	809
980	809
981	809
982	809
983	809
984	809
985	809
986	809
987	809
988	809
989	809
990	809
1051	809
1066	809
1067	809
1068	809
1069	809
1070	809
1071	809
1072	809
1073	809
1074	809
1075	809
1076	809
1077	809
1169	809
1170	809
1171	809
1172	809
1449	809
1450	809
1502	809
1551	809
1658	809
1685	809
1764	809
1838	809
536	810
578	810
579	810
616	810
892	810
893	810
894	810
895	810
896	810
897	810
898	810
899	810
900	810
901	810
902	810
903	810
904	810
905	810
991	810
992	810
993	810
994	810
995	810
996	810
997	810
998	810
999	810
1000	810
1001	810
1002	810
1003	810
1004	810
1005	810
1006	810
1007	810
1008	810
1009	810
1010	810
1051	810
1054	810
1055	810
1056	810
1057	810
1058	810
1059	810
1060	810
1061	810
1062	810
1063	810
1064	810
1065	810
1166	810
1167	810
1168	810
1259	810
1260	810
1261	810
1262	810
1263	810
1264	810
1265	810
1266	810
1267	810
1268	810
1269	810
1270	810
1271	810
1272	810
1273	810
1274	810
1275	810
1276	810
1277	810
1278	810
1279	810
1280	810
1281	810
1282	810
1283	810
1284	810
1285	810
1286	810
1287	810
1288	810
1289	810
1290	810
1291	810
1292	810
1293	810
1294	810
1295	810
1296	810
1297	810
1298	810
1299	810
1300	810
1301	810
1302	810
1447	810
1448	810
1502	810
1551	810
1658	810
1684	810
1765	810
1838	810
535	811
576	811
577	811
617	811
878	811
879	811
880	811
881	811
882	811
883	811
884	811
885	811
886	811
887	811
888	811
889	811
890	811
891	811
1011	811
1012	811
1013	811
1014	811
1015	811
1016	811
1017	811
1018	811
1019	811
1020	811
1021	811
1022	811
1023	811
1024	811
1025	811
1026	811
1027	811
1028	811
1029	811
1030	811
1042	811
1043	811
1044	811
1045	811
1046	811
1047	811
1048	811
1049	811
1050	811
1051	811
1052	811
1053	811
1163	811
1164	811
1165	811
1254	811
1255	811
1256	811
1257	811
1258	811
1303	811
1304	811
1305	811
1306	811
1307	811
1308	811
1309	811
1310	811
1311	811
1312	811
1313	811
1314	811
1315	811
1316	811
1317	811
1318	811
1319	811
1320	811
1321	811
1322	811
1323	811
1324	811
1325	811
1326	811
1327	811
1328	811
1329	811
1330	811
1331	811
1332	811
1333	811
1334	811
1335	811
1336	811
1337	811
1338	811
1339	811
1340	811
1341	811
1342	811
1445	811
1446	811
1502	811
1551	811
1658	811
1684	811
1766	811
1839	811
535	812
573	812
574	812
575	812
618	812
864	812
865	812
866	812
867	812
868	812
869	812
870	812
871	812
872	812
873	812
874	812
875	812
876	812
877	812
1031	812
1032	812
1033	812
1034	812
1035	812
1036	812
1037	812
1038	812
1039	812
1040	812
1041	812
1159	812
1160	812
1161	812
1162	812
1250	812
1251	812
1252	812
1253	812
1343	812
1344	812
1345	812
1346	812
1347	812
1443	812
1444	812
1503	812
1551	812
1658	812
1683	812
1767	812
1839	812
535	813
571	813
572	813
619	813
851	813
852	813
853	813
854	813
855	813
856	813
857	813
858	813
859	813
860	813
861	813
862	813
863	813
1156	813
1157	813
1158	813
1245	813
1246	813
1247	813
1248	813
1249	813
1348	813
1349	813
1350	813
1351	813
1441	813
1442	813
1503	813
1552	813
1658	813
1682	813
1768	813
1839	813
535	814
570	814
620	814
621	814
838	814
839	814
840	814
841	814
842	814
843	814
844	814
845	814
846	814
847	814
848	814
849	814
850	814
1152	814
1153	814
1154	814
1155	814
1241	814
1242	814
1243	814
1244	814
1352	814
1353	814
1354	814
1355	814
1439	814
1440	814
1503	814
1552	814
1658	814
1682	814
1769	814
1839	814
535	815
570	815
622	815
623	815
624	815
824	815
825	815
826	815
827	815
828	815
829	815
830	815
831	815
832	815
833	815
834	815
835	815
836	815
837	815
1149	815
1150	815
1151	815
1236	815
1237	815
1238	815
1239	815
1240	815
1356	815
1357	815
1358	815
1359	815
1437	815
1438	815
1504	815
1552	815
1658	815
1681	815
1770	815
1840	815
535	816
569	816
625	816
626	816
811	816
812	816
813	816
814	816
815	816
816	816
817	816
818	816
819	816
820	816
821	816
822	816
823	816
1145	816
1146	816
1147	816
1148	816
1232	816
1233	816
1234	816
1235	816
1360	816
1361	816
1362	816
1363	816
1435	816
1436	816
1504	816
1552	816
1658	816
1681	816
1771	816
1772	816
1840	816
535	817
569	817
627	817
628	817
629	817
798	817
799	817
800	817
801	817
802	817
803	817
804	817
805	817
806	817
807	817
808	817
809	817
810	817
1142	817
1143	817
1144	817
1227	817
1228	817
1229	817
1230	817
1231	817
1364	817
1365	817
1366	817
1367	817
1368	817
1432	817
1433	817
1434	817
1504	817
1552	817
1657	817
1680	817
1773	817
1840	817
534	818
536	818
568	818
630	818
631	818
632	818
633	818
634	818
635	818
636	818
637	818
638	818
639	818
640	818
641	818
642	818
643	818
644	818
645	818
646	818
647	818
648	818
649	818
650	818
651	818
652	818
653	818
654	818
655	818
789	818
790	818
791	818
792	818
793	818
794	818
795	818
796	818
797	818
1138	818
1139	818
1140	818
1141	818
1223	818
1224	818
1225	818
1226	818
1369	818
1370	818
1371	818
1372	818
1430	818
1431	818
1505	818
1553	818
1657	818
1679	818
1774	818
1839	818
533	819
536	819
567	819
656	819
657	819
658	819
659	819
660	819
661	819
662	819
663	819
664	819
665	819
666	819
667	819
668	819
669	819
670	819
671	819
672	819
673	819
674	819
675	819
676	819
677	819
678	819
679	819
680	819
681	819
682	819
683	819
684	819
685	819
686	819
687	819
688	819
689	819
690	819
691	819
692	819
693	819
694	819
695	819
696	819
697	819
783	819
784	819
785	819
786	819
787	819
788	819
1135	819
1136	819
1137	819
1218	819
1219	819
1220	819
1221	819
1222	819
1373	819
1374	819
1375	819
1376	819
1428	819
1429	819
1505	819
1553	819
1656	819
1679	819
1775	819
1839	819
533	820
536	820
567	820
698	820
699	820
700	820
701	820
702	820
703	820
704	820
705	820
706	820
707	820
708	820
709	820
710	820
711	820
712	820
713	820
714	820
715	820
716	820
717	820
718	820
719	820
720	820
721	820
722	820
723	820
724	820
725	820
726	820
727	820
728	820
729	820
730	820
731	820
732	820
733	820
734	820
735	820
736	820
737	820
738	820
739	820
777	820
778	820
779	820
780	820
781	820
782	820
1131	820
1132	820
1133	820
1134	820
1214	820
1215	820
1216	820
1217	820
1377	820
1378	820
1379	820
1380	820
1426	820
1427	820
1506	820
1553	820
1655	820
1678	820
1776	820
1839	820
533	821
536	821
566	821
740	821
741	821
742	821
743	821
744	821
745	821
746	821
747	821
748	821
749	821
750	821
751	821
752	821
753	821
754	821
755	821
756	821
757	821
758	821
759	821
760	821
761	821
762	821
763	821
764	821
765	821
766	821
767	821
768	821
769	821
770	821
771	821
772	821
773	821
774	821
775	821
776	821
1127	821
1128	821
1129	821
1130	821
1210	821
1211	821
1212	821
1213	821
1381	821
1424	821
1425	821
1506	821
1554	821
1654	821
1677	821
1777	821
1839	821
533	822
536	822
566	822
773	822
1124	822
1125	822
1126	822
1205	822
1206	822
1207	822
1208	822
1209	822
1382	822
1383	822
1422	822
1423	822
1506	822
1554	822
1653	822
1677	822
1778	822
1839	822
532	823
536	823
565	823
773	823
1120	823
1121	823
1122	823
1123	823
1201	823
1202	823
1203	823
1204	823
1384	823
1385	823
1420	823
1421	823
1507	823
1555	823
1652	823
1676	823
1779	823
1839	823
532	824
536	824
565	824
773	824
1117	824
1118	824
1119	824
1196	824
1197	824
1198	824
1199	824
1200	824
1386	824
1418	824
1419	824
1507	824
1556	824
1650	824
1651	824
1675	824
1780	824
1839	824
532	825
536	825
564	825
774	825
1113	825
1114	825
1115	825
1116	825
1192	825
1193	825
1194	825
1195	825
1387	825
1388	825
1416	825
1417	825
1507	825
1557	825
1648	825
1649	825
1675	825
1781	825
1839	825
532	826
536	826
563	826
774	826
1110	826
1111	826
1112	826
1187	826
1188	826
1189	826
1190	826
1191	826
1389	826
1390	826
1414	826
1415	826
1508	826
1558	826
1647	826
1674	826
1782	826
1839	826
531	827
536	827
563	827
774	827
1106	827
1107	827
1108	827
1109	827
1184	827
1185	827
1186	827
1391	827
1412	827
1413	827
1508	827
1558	827
1645	827
1646	827
1673	827
1782	827
1839	827
531	828
536	828
562	828
775	828
1102	828
1103	828
1104	828
1105	828
1181	828
1182	828
1183	828
1392	828
1393	828
1410	828
1411	828
1508	828
1559	828
1643	828
1644	828
1673	828
1782	828
1839	828
530	829
536	829
562	829
775	829
1097	829
1098	829
1099	829
1100	829
1101	829
1179	829
1180	829
1394	829
1395	829
1408	829
1409	829
1509	829
1560	829
1641	829
1642	829
1672	829
1783	829
1839	829
529	830
536	830
562	830
775	830
1092	830
1093	830
1094	830
1095	830
1096	830
1177	830
1178	830
1396	830
1406	830
1407	830
1509	830
1561	830
1639	830
1640	830
1671	830
1783	830
1839	830
528	831
536	831
561	831
776	831
1087	831
1088	831
1089	831
1090	831
1091	831
1175	831
1176	831
1330	831
1331	831
1332	831
1333	831
1334	831
1335	831
1336	831
1337	831
1338	831
1339	831
1340	831
1341	831
1397	831
1398	831
1404	831
1405	831
1509	831
1562	831
1638	831
1671	831
1784	831
1839	831
527	832
536	832
561	832
776	832
1083	832
1084	832
1085	832
1086	832
1172	832
1173	832
1174	832
1310	832
1311	832
1312	832
1313	832
1314	832
1315	832
1316	832
1317	832
1318	832
1319	832
1320	832
1321	832
1322	832
1323	832
1324	832
1325	832
1326	832
1327	832
1328	832
1329	832
1342	832
1343	832
1344	832
1399	832
1403	832
1510	832
1562	832
1636	832
1637	832
1670	832
1784	832
1839	832
525	833
526	833
536	833
561	833
776	833
1078	833
1079	833
1080	833
1081	833
1082	833
1170	833
1171	833
1290	833
1291	833
1292	833
1293	833
1294	833
1295	833
1296	833
1297	833
1298	833
1299	833
1300	833
1301	833
1302	833
1303	833
1304	833
1305	833
1306	833
1307	833
1308	833
1309	833
1345	833
1346	833
1347	833
1399	833
1400	833
1401	833
1402	833
1403	833
1510	833
1563	833
1634	833
1635	833
1670	833
1784	833
1839	833
524	834
536	834
561	834
777	834
1073	834
1074	834
1075	834
1076	834
1077	834
1168	834
1169	834
1278	834
1279	834
1280	834
1281	834
1282	834
1283	834
1284	834
1285	834
1286	834
1287	834
1288	834
1289	834
1348	834
1349	834
1350	834
1351	834
1398	834
1403	834
1511	834
1564	834
1565	834
1566	834
1632	834
1633	834
1669	834
1785	834
1838	834
523	835
536	835
560	835
777	835
1068	835
1069	835
1070	835
1071	835
1072	835
1165	835
1166	835
1167	835
1273	835
1274	835
1275	835
1276	835
1277	835
1352	835
1353	835
1354	835
1396	835
1397	835
1404	835
1405	835
1511	835
1567	835
1568	835
1569	835
1570	835
1630	835
1631	835
1668	835
1785	835
1838	835
521	836
522	836
536	836
560	836
777	836
1063	836
1064	836
1065	836
1066	836
1067	836
1163	836
1164	836
1268	836
1269	836
1270	836
1271	836
1272	836
1355	836
1356	836
1357	836
1358	836
1394	836
1395	836
1406	836
1407	836
1511	836
1571	836
1572	836
1573	836
1574	836
1621	836
1622	836
1623	836
1624	836
1625	836
1626	836
1627	836
1628	836
1629	836
1668	836
1786	836
1838	836
520	837
536	837
560	837
778	837
1058	837
1059	837
1060	837
1061	837
1062	837
1161	837
1162	837
1263	837
1264	837
1265	837
1266	837
1267	837
1359	837
1360	837
1361	837
1392	837
1393	837
1408	837
1512	837
1575	837
1576	837
1577	837
1578	837
1608	837
1609	837
1610	837
1611	837
1612	837
1613	837
1614	837
1615	837
1616	837
1617	837
1618	837
1619	837
1620	837
1667	837
1786	837
1838	837
517	838
518	838
519	838
536	838
560	838
778	838
1053	838
1054	838
1055	838
1056	838
1057	838
1159	838
1160	838
1259	838
1260	838
1261	838
1262	838
1362	838
1390	838
1391	838
1409	838
1410	838
1512	838
1579	838
1580	838
1581	838
1582	838
1583	838
1584	838
1585	838
1586	838
1587	838
1588	838
1589	838
1590	838
1591	838
1592	838
1593	838
1594	838
1595	838
1596	838
1597	838
1598	838
1599	838
1600	838
1601	838
1602	838
1603	838
1604	838
1605	838
1606	838
1607	838
1666	838
1786	838
1838	838
515	839
516	839
536	839
559	839
778	839
1048	839
1049	839
1050	839
1051	839
1052	839
1156	839
1157	839
1158	839
1254	839
1255	839
1256	839
1257	839
1258	839
1363	839
1364	839
1388	839
1389	839
1411	839
1412	839
1513	839
1666	839
1786	839
1838	839
512	840
513	840
514	840
536	840
559	840
779	840
1044	840
1045	840
1046	840
1047	840
1154	840
1155	840
1249	840
1250	840
1251	840
1252	840
1253	840
1365	840
1386	840
1387	840
1413	840
1514	840
1665	840
1786	840
1838	840
510	841
511	841
536	841
559	841
779	841
1039	841
1040	841
1041	841
1042	841
1043	841
1152	841
1153	841
1244	841
1245	841
1246	841
1247	841
1248	841
1366	841
1383	841
1384	841
1385	841
1414	841
1415	841
1514	841
1664	841
1786	841
1838	841
507	842
508	842
509	842
536	842
559	842
779	842
1034	842
1035	842
1036	842
1037	842
1038	842
1149	842
1150	842
1151	842
1239	842
1240	842
1241	842
1242	842
1243	842
1367	842
1368	842
1381	842
1382	842
1416	842
1417	842
1515	842
1663	842
1786	842
1837	842
505	843
506	843
536	843
558	843
779	843
1029	843
1030	843
1031	843
1032	843
1033	843
1147	843
1148	843
1234	843
1235	843
1236	843
1237	843
1238	843
1369	843
1379	843
1380	843
1418	843
1515	843
1662	843
1786	843
1837	843
503	844
504	844
536	844
558	844
780	844
1026	844
1027	844
1028	844
1145	844
1146	844
1229	844
1230	844
1231	844
1232	844
1233	844
1370	844
1377	844
1378	844
1419	844
1420	844
1516	844
1660	844
1661	844
1786	844
1837	844
501	845
502	845
536	845
558	845
780	845
1023	845
1024	845
1025	845
1143	845
1144	845
1224	845
1225	845
1226	845
1227	845
1228	845
1371	845
1375	845
1376	845
1421	845
1422	845
1517	845
1658	845
1659	845
1786	845
1837	845
499	846
500	846
536	846
558	846
780	846
1020	846
1021	846
1022	846
1140	846
1141	846
1142	846
1219	846
1220	846
1221	846
1222	846
1223	846
1372	846
1373	846
1374	846
1423	846
1517	846
1656	846
1657	846
1786	846
1837	846
497	847
498	847
536	847
557	847
781	847
1017	847
1018	847
1019	847
1138	847
1139	847
1215	847
1216	847
1217	847
1218	847
1371	847
1374	847
1424	847
1518	847
1654	847
1655	847
1786	847
1836	847
495	848
496	848
536	848
557	848
781	848
1015	848
1016	848
1136	848
1137	848
1210	848
1211	848
1212	848
1213	848
1214	848
1369	848
1370	848
1375	848
1425	848
1519	848
1652	848
1653	848
1786	848
1836	848
494	849
536	849
557	849
781	849
1012	849
1013	849
1014	849
1134	849
1135	849
1205	849
1206	849
1207	849
1208	849
1209	849
1367	849
1368	849
1376	849
1377	849
1426	849
1520	849
1521	849
1650	849
1651	849
1786	849
1836	849
492	850
493	850
536	850
557	850
782	850
1009	850
1010	850
1011	850
1131	850
1132	850
1133	850
1201	850
1202	850
1203	850
1204	850
1365	850
1366	850
1378	850
1427	850
1522	850
1649	850
1786	850
1836	850
490	851
491	851
536	851
556	851
782	851
856	851
857	851
1006	851
1007	851
1008	851
1129	851
1130	851
1198	851
1199	851
1200	851
1363	851
1364	851
1379	851
1428	851
1523	851
1524	851
1647	851
1648	851
1786	851
1836	851
488	852
489	852
536	852
556	852
782	852
858	852
1003	852
1004	852
1005	852
1127	852
1128	852
1195	852
1196	852
1197	852
1361	852
1362	852
1380	852
1381	852
1429	852
1525	852
1526	852
1645	852
1646	852
1657	852
1658	852
1659	852
1660	852
1661	852
1662	852
1663	852
1664	852
1665	852
1666	852
1667	852
1786	852
1835	852
487	853
536	853
556	853
783	853
859	853
860	853
1000	853
1001	853
1002	853
1124	853
1125	853
1126	853
1192	853
1193	853
1194	853
1359	853
1360	853
1382	853
1430	853
1527	853
1643	853
1644	853
1654	853
1655	853
1656	853
1668	853
1669	853
1670	853
1786	853
1835	853
485	854
486	854
536	854
556	854
783	854
861	854
997	854
998	854
999	854
1122	854
1123	854
1189	854
1190	854
1191	854
1357	854
1358	854
1383	854
1431	854
1528	854
1529	854
1642	854
1650	854
1651	854
1652	854
1653	854
1671	854
1786	854
1835	854
483	855
484	855
536	855
555	855
783	855
861	855
994	855
995	855
996	855
1120	855
1121	855
1187	855
1188	855
1355	855
1356	855
1384	855
1385	855
1432	855
1530	855
1531	855
1640	855
1641	855
1647	855
1648	855
1649	855
1672	855
1786	855
1835	855
481	856
482	856
537	856
555	856
784	856
861	856
992	856
993	856
1118	856
1119	856
1184	856
1185	856
1186	856
1353	856
1354	856
1386	856
1433	856
1532	856
1533	856
1534	856
1535	856
1639	856
1642	856
1644	856
1645	856
1646	856
1673	856
1786	856
1835	856
480	857
537	857
555	857
784	857
862	857
989	857
990	857
991	857
1115	857
1116	857
1117	857
1181	857
1182	857
1183	857
1351	857
1352	857
1386	857
1434	857
1536	857
1537	857
1538	857
1539	857
1540	857
1637	857
1638	857
1639	857
1640	857
1641	857
1642	857
1643	857
1674	857
1787	857
1834	857
478	858
479	858
537	858
554	858
784	858
862	858
986	858
987	858
988	858
1113	858
1114	858
1178	858
1179	858
1180	858
1349	858
1350	858
1387	858
1435	858
1541	858
1542	858
1543	858
1544	858
1545	858
1546	858
1629	858
1630	858
1631	858
1632	858
1633	858
1634	858
1635	858
1636	858
1675	858
1787	858
1834	858
476	859
477	859
538	859
554	859
785	859
863	859
983	859
984	859
985	859
1112	859
1176	859
1177	859
1347	859
1348	859
1388	859
1435	859
1547	859
1548	859
1549	859
1550	859
1551	859
1617	859
1618	859
1619	859
1620	859
1621	859
1622	859
1623	859
1624	859
1625	859
1626	859
1627	859
1628	859
1632	859
1676	859
1787	859
1834	859
474	860
475	860
538	860
553	860
785	860
863	860
982	860
1110	860
1111	860
1173	860
1174	860
1175	860
1345	860
1346	860
1388	860
1436	860
1552	860
1553	860
1554	860
1555	860
1556	860
1557	860
1606	860
1607	860
1608	860
1609	860
1610	860
1611	860
1612	860
1613	860
1614	860
1615	860
1616	860
1629	860
1630	860
1631	860
1677	860
1787	860
1834	860
473	861
539	861
552	861
785	861
863	861
981	861
1108	861
1109	861
1170	861
1171	861
1172	861
1343	861
1344	861
1389	861
1437	861
1558	861
1559	861
1560	861
1561	861
1562	861
1595	861
1596	861
1597	861
1598	861
1599	861
1600	861
1601	861
1602	861
1603	861
1604	861
1605	861
1627	861
1628	861
1678	861
1787	861
1834	861
471	862
472	862
539	862
552	862
786	862
864	862
980	862
1106	862
1107	862
1167	862
1168	862
1169	862
1341	862
1342	862
1389	862
1438	862
1563	862
1564	862
1565	862
1566	862
1567	862
1568	862
1569	862
1570	862
1571	862
1572	862
1573	862
1574	862
1575	862
1576	862
1577	862
1578	862
1579	862
1580	862
1581	862
1582	862
1583	862
1584	862
1585	862
1586	862
1587	862
1588	862
1589	862
1590	862
1591	862
1592	862
1593	862
1594	862
1623	862
1624	862
1625	862
1626	862
1679	862
1787	862
1834	862
469	863
470	863
540	863
551	863
786	863
864	863
979	863
1105	863
1165	863
1166	863
1339	863
1340	863
1390	863
1439	863
1620	863
1621	863
1622	863
1679	863
1787	863
1833	863
468	864
540	864
550	864
786	864
864	864
978	864
1103	864
1104	864
1162	864
1163	864
1164	864
1336	864
1337	864
1338	864
1391	864
1440	864
1617	864
1618	864
1619	864
1680	864
1787	864
1833	864
466	865
467	865
541	865
542	865
549	865
787	865
865	865
977	865
1101	865
1102	865
1159	865
1160	865
1161	865
1334	865
1335	865
1391	865
1441	865
1615	865
1616	865
1681	865
1787	865
1833	865
465	866
543	866
544	866
545	866
546	866
547	866
548	866
787	866
865	866
976	866
1099	866
1100	866
1156	866
1157	866
1158	866
1332	866
1333	866
1392	866
1442	866
1613	866
1614	866
1682	866
1787	866
1833	866
463	867
464	867
787	867
865	867
975	867
1098	867
1153	867
1154	867
1155	867
1330	867
1331	867
1392	867
1443	867
1612	867
1683	867
1787	867
1833	867
462	868
788	868
866	868
974	868
1096	868
1097	868
1151	868
1152	868
1328	868
1329	868
1393	868
1444	868
1610	868
1611	868
1683	868
1787	868
1832	868
460	869
461	869
788	869
866	869
973	869
1094	869
1095	869
1148	869
1149	869
1150	869
1326	869
1327	869
1394	869
1444	869
1609	869
1684	869
1787	869
1833	869
459	870
788	870
866	870
972	870
1092	870
1093	870
1145	870
1146	870
1147	870
1324	870
1325	870
1394	870
1445	870
1607	870
1608	870
1684	870
1787	870
1834	870
457	871
458	871
789	871
867	871
972	871
1091	871
1143	871
1144	871
1322	871
1323	871
1395	871
1446	871
1605	871
1606	871
1685	871
1787	871
1835	871
456	872
789	872
867	872
972	872
1089	872
1090	872
1141	872
1142	872
1320	872
1321	872
1396	872
1447	872
1604	872
1685	872
1787	872
1836	872
454	873
455	873
789	873
868	873
972	873
1087	873
1088	873
1140	873
1318	873
1319	873
1396	873
1448	873
1602	873
1603	873
1686	873
1787	873
1837	873
453	874
790	874
868	874
972	874
1085	874
1086	874
1138	874
1139	874
1316	874
1317	874
1397	874
1449	874
1601	874
1686	874
1787	874
1838	874
451	875
452	875
790	875
868	875
972	875
1084	875
1137	875
1314	875
1315	875
1397	875
1450	875
1599	875
1600	875
1686	875
1787	875
1839	875
450	876
790	876
869	876
972	876
1082	876
1083	876
1135	876
1136	876
1312	876
1313	876
1398	876
1451	876
1597	876
1598	876
1686	876
1787	876
1840	876
448	877
449	877
791	877
869	877
972	877
1080	877
1081	877
1133	877
1134	877
1310	877
1311	877
1399	877
1452	877
1596	877
1643	877
1644	877
1645	877
1646	877
1647	877
1648	877
1649	877
1650	877
1651	877
1652	877
1653	877
1654	877
1655	877
1656	877
1657	877
1658	877
1659	877
1685	877
1787	877
1841	877
447	878
791	878
870	878
972	878
1078	878
1079	878
1132	878
1308	878
1309	878
1399	878
1452	878
1594	878
1595	878
1640	878
1641	878
1642	878
1660	878
1661	878
1662	878
1684	878
1787	878
1842	878
445	879
446	879
791	879
870	879
972	879
1077	879
1130	879
1131	879
1306	879
1307	879
1400	879
1453	879
1593	879
1637	879
1638	879
1639	879
1663	879
1664	879
1682	879
1683	879
1787	879
1843	879
444	880
791	880
870	880
972	880
1075	880
1076	880
1129	880
1304	880
1305	880
1400	880
1454	880
1591	880
1592	880
1635	880
1636	880
1665	880
1666	880
1681	880
1787	880
1843	880
442	881
443	881
792	881
871	881
972	881
1073	881
1074	881
1127	881
1128	881
1302	881
1303	881
1401	881
1455	881
1589	881
1590	881
1633	881
1634	881
1667	881
1668	881
1669	881
1676	881
1677	881
1678	881
1679	881
1680	881
1787	881
1844	881
441	882
792	882
871	882
973	882
1072	882
1126	882
1300	882
1301	882
1401	882
1456	882
1588	882
1631	882
1632	882
1670	882
1671	882
1672	882
1673	882
1674	882
1675	882
1787	882
1844	882
439	883
440	883
792	883
872	883
973	883
1070	883
1071	883
1124	883
1125	883
1298	883
1299	883
1401	883
1457	883
1586	883
1587	883
1629	883
1630	883
1787	883
1845	883
438	884
793	884
872	884
973	884
1068	884
1069	884
1122	884
1123	884
1296	884
1297	884
1402	884
1458	884
1584	884
1585	884
1627	884
1628	884
1787	884
1845	884
437	885
793	885
872	885
974	885
1066	885
1067	885
1121	885
1294	885
1295	885
1402	885
1459	885
1582	885
1583	885
1626	885
1787	885
1845	885
436	886
793	886
873	886
974	886
1065	886
1119	886
1120	886
1292	886
1293	886
1402	886
1459	886
1580	886
1581	886
1624	886
1625	886
1787	886
1846	886
435	887
794	887
873	887
974	887
1063	887
1064	887
1118	887
1291	887
1402	887
1460	887
1578	887
1579	887
1623	887
1787	887
1846	887
434	888
794	888
874	888
975	888
1061	888
1062	888
1116	888
1117	888
1291	888
1403	888
1461	888
1576	888
1577	888
1622	888
1678	888
1679	888
1680	888
1681	888
1682	888
1683	888
1787	888
1846	888
433	889
794	889
874	889
975	889
1059	889
1060	889
1115	889
1291	889
1403	889
1462	889
1575	889
1621	889
1674	889
1675	889
1676	889
1677	889
1684	889
1685	889
1686	889
1687	889
1787	889
1847	889
432	890
795	890
874	890
975	890
1058	890
1113	890
1114	890
1291	890
1403	890
1463	890
1573	890
1574	890
1620	890
1673	890
1688	890
1689	890
1690	890
1691	890
1787	890
1847	890
431	891
795	891
875	891
976	891
1056	891
1057	891
1112	891
1291	891
1403	891
1464	891
1571	891
1572	891
1619	891
1672	891
1692	891
1693	891
1694	891
1787	891
1847	891
430	892
795	892
875	892
976	892
1053	892
1054	892
1055	892
1110	892
1111	892
1291	892
1404	892
1465	892
1569	892
1570	892
1618	892
1671	892
1695	892
1787	892
1847	892
429	893
796	893
875	893
977	893
1051	893
1052	893
1108	893
1109	893
1292	893
1404	893
1466	893
1567	893
1568	893
1617	893
1670	893
1695	893
1787	893
1847	893
428	894
796	894
876	894
978	894
1048	894
1049	894
1050	894
1107	894
1292	894
1404	894
1466	894
1565	894
1566	894
1617	894
1669	894
1695	894
1787	894
1847	894
427	895
796	895
876	895
979	895
980	895
1046	895
1047	895
1105	895
1106	895
1292	895
1404	895
1467	895
1563	895
1564	895
1617	895
1668	895
1696	895
1787	895
1848	895
426	896
797	896
877	896
981	896
1043	896
1044	896
1045	896
1104	896
1292	896
1404	896
1468	896
1561	896
1562	896
1616	896
1667	896
1696	896
1787	896
1848	896
425	897
797	897
877	897
982	897
1041	897
1042	897
1102	897
1103	897
1292	897
1404	897
1469	897
1559	897
1560	897
1616	897
1666	897
1697	897
1787	897
1848	897
424	898
797	898
878	898
983	898
1039	898
1040	898
1101	898
1293	898
1404	898
1470	898
1557	898
1558	898
1615	898
1665	898
1697	898
1787	898
1848	898
423	899
798	899
878	899
984	899
1036	899
1037	899
1038	899
1099	899
1100	899
1293	899
1403	899
1471	899
1555	899
1556	899
1615	899
1664	899
1698	899
1787	899
1848	899
422	900
798	900
879	900
985	900
1034	900
1035	900
1097	900
1098	900
1293	900
1403	900
1472	900
1553	900
1554	900
1615	900
1663	900
1698	900
1787	900
1849	900
421	901
798	901
880	901
986	901
1031	901
1032	901
1033	901
1096	901
1293	901
1402	901
1473	901
1474	901
1551	901
1552	901
1615	901
1662	901
1698	901
1787	901
1849	901
420	902
799	902
880	902
987	902
1029	902
1030	902
1094	902
1095	902
1293	902
1402	902
1475	902
1548	902
1549	902
1550	902
1615	902
1660	902
1661	902
1699	902
1787	902
1849	902
419	903
799	903
881	903
988	903
989	903
1026	903
1027	903
1028	903
1093	903
1293	903
1402	903
1476	903
1546	903
1547	903
1616	903
1658	903
1659	903
1699	903
1786	903
1849	903
419	904
799	904
882	904
990	904
991	904
992	904
1024	904
1025	904
1091	904
1092	904
1294	904
1401	904
1477	904
1544	904
1545	904
1616	904
1656	904
1657	904
1700	904
1786	904
1849	904
418	905
800	905
882	905
993	905
994	905
995	905
996	905
1019	905
1020	905
1021	905
1022	905
1023	905
1090	905
1294	905
1401	905
1478	905
1479	905
1541	905
1542	905
1543	905
1617	905
1655	905
1700	905
1786	905
1849	905
417	906
800	906
883	906
997	906
998	906
999	906
1000	906
1001	906
1012	906
1013	906
1014	906
1015	906
1016	906
1017	906
1018	906
1088	906
1089	906
1294	906
1400	906
1480	906
1538	906
1539	906
1540	906
1618	906
1653	906
1654	906
1700	906
1785	906
1850	906
416	907
800	907
884	907
1002	907
1003	907
1004	907
1005	907
1006	907
1007	907
1008	907
1009	907
1010	907
1011	907
1087	907
1294	907
1399	907
1481	907
1535	907
1536	907
1537	907
1619	907
1651	907
1652	907
1701	907
1785	907
1850	907
415	908
801	908
884	908
1085	908
1086	908
1294	908
1397	908
1398	908
1482	908
1483	908
1532	908
1533	908
1534	908
1620	908
1621	908
1649	908
1650	908
1701	908
1785	908
1850	908
415	909
801	909
885	909
1083	909
1084	909
1295	909
1395	909
1396	909
1484	909
1529	909
1530	909
1531	909
1622	909
1648	909
1702	909
1784	909
1850	909
415	910
801	910
886	910
1082	910
1295	910
1394	910
1485	910
1486	910
1487	910
1526	910
1527	910
1528	910
1623	910
1624	910
1646	910
1647	910
1702	910
1784	910
1850	910
414	911
802	911
886	911
1080	911
1081	911
1295	911
1392	911
1393	911
1488	911
1489	911
1490	911
1523	911
1524	911
1525	911
1625	911
1644	911
1645	911
1702	911
1784	911
1851	911
414	912
802	912
887	912
1079	912
1295	912
1390	912
1391	912
1491	912
1492	912
1493	912
1520	912
1521	912
1522	912
1626	912
1627	912
1642	912
1643	912
1702	912
1783	912
1851	912
414	913
802	913
888	913
1077	913
1078	913
1295	913
1389	913
1494	913
1495	913
1517	913
1518	913
1519	913
1628	913
1629	913
1630	913
1631	913
1632	913
1633	913
1634	913
1635	913
1636	913
1637	913
1638	913
1641	913
1703	913
1783	913
1851	913
413	914
803	914
888	914
1076	914
1296	914
1387	914
1388	914
1496	914
1497	914
1498	914
1514	914
1515	914
1516	914
1639	914
1640	914
1703	914
1783	914
1851	914
413	915
803	915
889	915
1074	915
1075	915
1296	915
1382	915
1383	915
1384	915
1385	915
1386	915
1499	915
1500	915
1501	915
1510	915
1511	915
1512	915
1513	915
1703	915
1782	915
1851	915
413	916
803	916
890	916
1072	916
1073	916
1296	916
1377	916
1378	916
1379	916
1380	916
1381	916
1502	916
1503	916
1504	916
1507	916
1508	916
1509	916
1704	916
1782	916
1851	916
413	917
803	917
891	917
1071	917
1296	917
1372	917
1373	917
1374	917
1375	917
1376	917
1505	917
1506	917
1704	917
1782	917
1852	917
412	918
804	918
891	918
1069	918
1070	918
1296	918
1367	918
1368	918
1369	918
1370	918
1371	918
1704	918
1781	918
1852	918
412	919
804	919
892	919
893	919
1068	919
1297	919
1355	919
1356	919
1357	919
1358	919
1359	919
1360	919
1361	919
1362	919
1363	919
1364	919
1365	919
1366	919
1704	919
1781	919
1852	919
412	920
804	920
894	920
1066	920
1067	920
1297	920
1705	920
1781	920
1852	920
412	921
805	921
895	921
1065	921
1297	921
1705	921
1780	921
1852	921
412	922
805	922
896	922
1063	922
1064	922
1297	922
1705	922
1780	922
1852	922
412	923
805	923
897	923
898	923
1062	923
1297	923
1706	923
1780	923
1853	923
412	924
806	924
899	924
1060	924
1061	924
1297	924
1706	924
1779	924
1853	924
412	925
806	925
900	925
1058	925
1059	925
1298	925
1706	925
1779	925
1853	925
412	926
806	926
901	926
1057	926
1298	926
1706	926
1779	926
1853	926
413	927
807	927
902	927
903	927
1055	927
1056	927
1298	927
1707	927
1778	927
1853	927
413	928
807	928
904	928
1054	928
1298	928
1707	928
1778	928
1853	928
413	929
807	929
905	929
1052	929
1053	929
1298	929
1707	929
1778	929
1853	929
414	930
808	930
906	930
907	930
1051	930
1299	930
1707	930
1777	930
1853	930
414	931
808	931
908	931
1049	931
1050	931
1299	931
1708	931
1777	931
1853	931
415	932
808	932
909	932
910	932
1047	932
1048	932
1299	932
1708	932
1777	932
1853	932
415	933
809	933
911	933
1046	933
1299	933
1708	933
1776	933
1853	933
416	934
809	934
912	934
913	934
1044	934
1045	934
1299	934
1706	934
1707	934
1708	934
1776	934
1853	934
416	935
809	935
914	935
1043	935
1300	935
1704	935
1705	935
1708	935
1776	935
1854	935
417	936
810	936
915	936
916	936
1041	936
1042	936
1300	936
1701	936
1702	936
1703	936
1709	936
1776	936
1854	936
418	937
419	937
810	937
917	937
1040	937
1300	937
1699	937
1700	937
1709	937
1777	937
1854	937
420	938
810	938
918	938
919	938
1038	938
1039	938
1300	938
1697	938
1698	938
1709	938
1777	938
1854	938
421	939
811	939
920	939
1036	939
1037	939
1300	939
1694	939
1695	939
1696	939
1709	939
1778	939
1854	939
422	940
811	940
921	940
922	940
1035	940
1300	940
1692	940
1693	940
1709	940
1779	940
1854	940
423	941
424	941
811	941
923	941
1033	941
1034	941
1301	941
1690	941
1691	941
1709	941
1780	941
1854	941
425	942
426	942
812	942
924	942
925	942
1032	942
1301	942
1687	942
1688	942
1689	942
1709	942
1781	942
1854	942
427	943
428	943
812	943
926	943
1030	943
1031	943
1301	943
1685	943
1686	943
1709	943
1782	943
1854	943
429	944
430	944
431	944
812	944
927	944
1029	944
1301	944
1683	944
1684	944
1709	944
1783	944
1854	944
432	945
433	945
813	945
928	945
1027	945
1028	945
1301	945
1680	945
1681	945
1682	945
1710	945
1783	945
1854	945
434	946
435	946
813	946
929	946
1026	946
1302	946
1678	946
1679	946
1710	946
1784	946
1854	946
436	947
813	947
930	947
931	947
1024	947
1025	947
1302	947
1676	947
1677	947
1710	947
1785	947
1854	947
437	948
814	948
932	948
1022	948
1023	948
1302	948
1673	948
1674	948
1675	948
1710	948
1786	948
1854	948
435	949
436	949
437	949
438	949
439	949
440	949
441	949
442	949
443	949
814	949
933	949
1021	949
1302	949
1671	949
1672	949
1710	949
1787	949
1854	949
432	950
433	950
434	950
444	950
445	950
446	950
814	950
934	950
1019	950
1020	950
1302	950
1669	950
1670	950
1710	950
1788	950
1854	950
429	951
430	951
431	951
447	951
448	951
449	951
815	951
935	951
1018	951
1303	951
1666	951
1667	951
1668	951
1710	951
1789	951
1854	951
426	952
427	952
428	952
450	952
451	952
452	952
453	952
815	952
936	952
1016	952
1017	952
1303	952
1664	952
1665	952
1710	952
1789	952
1854	952
424	953
425	953
454	953
455	953
456	953
815	953
937	953
1015	953
1303	953
1662	953
1663	953
1710	953
1790	953
1854	953
423	954
457	954
458	954
459	954
815	954
938	954
1013	954
1014	954
1303	954
1659	954
1660	954
1661	954
1711	954
1791	954
1854	954
422	955
460	955
461	955
462	955
463	955
816	955
938	955
1011	955
1012	955
1303	955
1657	955
1658	955
1711	955
1792	955
1854	955
420	956
421	956
464	956
465	956
466	956
816	956
939	956
1010	956
1303	956
1655	956
1656	956
1711	956
1793	956
1854	956
419	957
467	957
468	957
469	957
816	957
939	957
1008	957
1009	957
1304	957
1652	957
1653	957
1654	957
1711	957
1794	957
1854	957
418	958
470	958
471	958
472	958
473	958
817	958
939	958
1007	958
1304	958
1650	958
1651	958
1711	958
1795	958
1854	958
416	959
417	959
474	959
475	959
476	959
817	959
939	959
1005	959
1006	959
1304	959
1648	959
1649	959
1711	959
1795	959
1854	959
415	960
477	960
478	960
479	960
480	960
817	960
939	960
1004	960
1304	960
1645	960
1646	960
1647	960
1711	960
1796	960
1854	960
413	961
414	961
481	961
482	961
483	961
818	961
939	961
1002	961
1003	961
1304	961
1643	961
1644	961
1711	961
1797	961
1854	961
412	962
484	962
485	962
486	962
818	962
940	962
1001	962
1305	962
1641	962
1642	962
1711	962
1798	962
1854	962
411	963
487	963
488	963
489	963
490	963
818	963
940	963
999	963
1000	963
1305	963
1638	963
1639	963
1640	963
1711	963
1799	963
1854	963
410	964
491	964
492	964
493	964
819	964
940	964
997	964
998	964
1305	964
1636	964
1637	964
1711	964
1800	964
1854	964
409	965
494	965
495	965
496	965
819	965
940	965
996	965
1305	965
1634	965
1635	965
1711	965
1801	965
1854	965
408	966
497	966
498	966
499	966
500	966
819	966
940	966
994	966
995	966
1305	966
1631	966
1632	966
1633	966
1711	966
1801	966
1854	966
407	967
501	967
502	967
503	967
820	967
941	967
993	967
1306	967
1629	967
1630	967
1711	967
1802	967
1854	967
406	968
504	968
505	968
506	968
820	968
941	968
991	968
992	968
1306	968
1627	968
1628	968
1711	968
1803	968
1854	968
405	969
507	969
508	969
509	969
510	969
820	969
941	969
990	969
1306	969
1624	969
1625	969
1626	969
1711	969
1804	969
1853	969
405	970
511	970
512	970
513	970
821	970
941	970
989	970
1306	970
1622	970
1623	970
1711	970
1805	970
1853	970
404	971
514	971
515	971
516	971
517	971
821	971
941	971
988	971
1306	971
1620	971
1621	971
1711	971
1806	971
1853	971
403	972
518	972
519	972
520	972
821	972
941	972
987	972
1306	972
1617	972
1618	972
1619	972
1711	972
1807	972
1853	972
402	973
521	973
522	973
523	973
822	973
941	973
986	973
1307	973
1615	973
1616	973
1712	973
1807	973
1853	973
401	974
524	974
525	974
526	974
527	974
822	974
941	974
985	974
1307	974
1613	974
1614	974
1712	974
1808	974
1853	974
401	975
528	975
529	975
530	975
822	975
941	975
984	975
1307	975
1610	975
1611	975
1612	975
1712	975
1809	975
1853	975
400	976
531	976
532	976
533	976
823	976
941	976
983	976
1307	976
1608	976
1609	976
1712	976
1810	976
1853	976
400	977
534	977
535	977
536	977
537	977
823	977
941	977
982	977
1307	977
1606	977
1607	977
1712	977
1811	977
1853	977
399	978
538	978
539	978
540	978
823	978
941	978
981	978
1308	978
1603	978
1604	978
1605	978
1712	978
1812	978
1852	978
399	979
541	979
542	979
543	979
824	979
941	979
980	979
1308	979
1601	979
1602	979
1712	979
1813	979
1852	979
398	980
544	980
545	980
546	980
547	980
824	980
941	980
979	980
1308	980
1599	980
1600	980
1712	980
1813	980
1852	980
397	981
548	981
549	981
550	981
824	981
941	981
978	981
1308	981
1596	981
1597	981
1598	981
1712	981
1814	981
1852	981
397	982
551	982
552	982
553	982
554	982
825	982
941	982
977	982
1308	982
1594	982
1595	982
1712	982
1815	982
1852	982
396	983
555	983
556	983
557	983
825	983
941	983
976	983
1309	983
1592	983
1593	983
1712	983
1816	983
1852	983
396	984
558	984
559	984
560	984
825	984
941	984
975	984
1309	984
1589	984
1590	984
1591	984
1712	984
1817	984
1852	984
395	985
561	985
562	985
563	985
564	985
826	985
941	985
974	985
1309	985
1587	985
1588	985
1712	985
1818	985
1852	985
395	986
565	986
566	986
567	986
826	986
940	986
973	986
1309	986
1585	986
1586	986
1712	986
1819	986
1852	986
394	987
568	987
569	987
570	987
826	987
940	987
972	987
1309	987
1582	987
1583	987
1584	987
1712	987
1819	987
1852	987
394	988
571	988
572	988
573	988
574	988
827	988
939	988
971	988
1310	988
1580	988
1581	988
1712	988
1820	988
1851	988
394	989
575	989
576	989
577	989
827	989
939	989
970	989
1310	989
1578	989
1579	989
1712	989
1821	989
1851	989
395	990
578	990
579	990
580	990
827	990
938	990
970	990
1310	990
1575	990
1576	990
1577	990
1712	990
1822	990
1851	990
396	991
581	991
582	991
583	991
584	991
828	991
938	991
970	991
1310	991
1573	991
1574	991
1712	991
1823	991
1851	991
397	992
585	992
586	992
587	992
828	992
936	992
937	992
970	992
1310	992
1570	992
1571	992
1572	992
1712	992
1824	992
1851	992
398	993
588	993
589	993
590	993
591	993
828	993
935	993
970	993
1310	993
1568	993
1569	993
1712	993
1824	993
1851	993
399	994
592	994
593	994
594	994
828	994
933	994
934	994
969	994
1311	994
1566	994
1567	994
1712	994
1825	994
1851	994
400	995
401	995
402	995
595	995
596	995
597	995
829	995
931	995
932	995
969	995
1311	995
1563	995
1564	995
1565	995
1712	995
1826	995
1851	995
403	996
404	996
405	996
598	996
599	996
600	996
601	996
829	996
929	996
930	996
969	996
1311	996
1561	996
1562	996
1712	996
1827	996
1851	996
406	997
407	997
602	997
603	997
604	997
829	997
928	997
969	997
1311	997
1559	997
1560	997
1712	997
1828	997
1851	997
408	998
409	998
410	998
605	998
606	998
607	998
830	998
926	998
927	998
969	998
1311	998
1556	998
1557	998
1558	998
1712	998
1829	998
1850	998
411	999
412	999
413	999
414	999
415	999
416	999
417	999
608	999
609	999
610	999
611	999
830	999
968	999
1312	999
1554	999
1555	999
1712	999
1830	999
1850	999
418	1000
419	1000
420	1000
421	1000
422	1000
423	1000
424	1000
425	1000
426	1000
427	1000
428	1000
429	1000
430	1000
612	1000
613	1000
614	1000
830	1000
968	1000
1312	1000
1552	1000
1553	1000
1712	1000
1830	1000
1850	1000
431	1001
432	1001
433	1001
434	1001
435	1001
436	1001
437	1001
438	1001
439	1001
440	1001
441	1001
442	1001
443	1001
444	1001
445	1001
446	1001
447	1001
448	1001
449	1001
450	1001
451	1001
452	1001
453	1001
454	1001
455	1001
615	1001
616	1001
617	1001
831	1001
968	1001
1312	1001
1549	1001
1550	1001
1551	1001
1712	1001
1831	1001
1850	1001
456	1002
457	1002
458	1002
459	1002
460	1002
461	1002
462	1002
463	1002
464	1002
465	1002
466	1002
467	1002
468	1002
469	1002
470	1002
471	1002
472	1002
473	1002
474	1002
475	1002
476	1002
477	1002
478	1002
479	1002
480	1002
481	1002
482	1002
483	1002
484	1002
485	1002
486	1002
487	1002
488	1002
489	1002
490	1002
491	1002
492	1002
493	1002
494	1002
495	1002
618	1002
619	1002
620	1002
621	1002
831	1002
968	1002
1312	1002
1547	1002
1548	1002
1712	1002
1831	1002
1850	1002
496	1003
497	1003
498	1003
499	1003
500	1003
501	1003
502	1003
622	1003
623	1003
624	1003
831	1003
968	1003
1312	1003
1545	1003
1546	1003
1712	1003
1831	1003
1850	1003
503	1004
504	1004
505	1004
506	1004
507	1004
508	1004
509	1004
625	1004
626	1004
627	1004
628	1004
832	1004
967	1004
1313	1004
1542	1004
1543	1004
1544	1004
1712	1004
1831	1004
1850	1004
510	1005
511	1005
512	1005
513	1005
514	1005
515	1005
516	1005
629	1005
630	1005
631	1005
832	1005
967	1005
1313	1005
1540	1005
1541	1005
1712	1005
1831	1005
1850	1005
517	1006
518	1006
519	1006
520	1006
521	1006
522	1006
523	1006
632	1006
633	1006
634	1006
832	1006
967	1006
1313	1006
1538	1006
1539	1006
1712	1006
1831	1006
1850	1006
524	1007
525	1007
526	1007
527	1007
635	1007
636	1007
637	1007
638	1007
833	1007
967	1007
1313	1007
1535	1007
1536	1007
1537	1007
1712	1007
1832	1007
1849	1007
528	1008
529	1008
530	1008
531	1008
639	1008
640	1008
833	1008
967	1008
1313	1008
1533	1008
1534	1008
1712	1008
1832	1008
1849	1008
532	1009
533	1009
534	1009
535	1009
641	1009
642	1009
643	1009
833	1009
967	1009
1313	1009
1531	1009
1532	1009
1712	1009
1832	1009
1849	1009
536	1010
537	1010
538	1010
539	1010
644	1010
645	1010
646	1010
834	1010
967	1010
1314	1010
1528	1010
1529	1010
1530	1010
1712	1010
1832	1010
1849	1010
540	1011
541	1011
542	1011
543	1011
647	1011
648	1011
649	1011
834	1011
968	1011
1314	1011
1526	1011
1527	1011
1712	1011
1832	1011
1849	1011
544	1012
545	1012
546	1012
650	1012
651	1012
834	1012
968	1012
1314	1012
1524	1012
1525	1012
1712	1012
1832	1012
1849	1012
547	1013
548	1013
549	1013
550	1013
652	1013
653	1013
654	1013
835	1013
968	1013
1314	1013
1521	1013
1522	1013
1523	1013
1712	1013
1832	1013
1849	1013
551	1014
552	1014
553	1014
655	1014
656	1014
657	1014
835	1014
968	1014
1314	1014
1519	1014
1520	1014
1712	1014
1832	1014
1849	1014
554	1015
555	1015
556	1015
557	1015
658	1015
659	1015
660	1015
835	1015
968	1015
1315	1015
1517	1015
1518	1015
1712	1015
1832	1015
1849	1015
558	1016
559	1016
560	1016
661	1016
662	1016
836	1016
968	1016
1315	1016
1514	1016
1515	1016
1516	1016
1712	1016
1833	1016
1849	1016
561	1017
562	1017
563	1017
564	1017
663	1017
664	1017
665	1017
836	1017
969	1017
1315	1017
1512	1017
1513	1017
1712	1017
1833	1017
1848	1017
565	1018
566	1018
567	1018
666	1018
667	1018
668	1018
836	1018
969	1018
1315	1018
1510	1018
1511	1018
1712	1018
1833	1018
1848	1018
568	1019
569	1019
570	1019
571	1019
669	1019
670	1019
671	1019
837	1019
969	1019
1315	1019
1507	1019
1508	1019
1509	1019
1712	1019
1833	1019
1848	1019
572	1020
573	1020
574	1020
672	1020
673	1020
837	1020
969	1020
1316	1020
1505	1020
1506	1020
1712	1020
1833	1020
1848	1020
575	1021
576	1021
577	1021
578	1021
674	1021
675	1021
676	1021
837	1021
969	1021
1316	1021
1503	1021
1504	1021
1712	1021
1833	1021
1848	1021
579	1022
580	1022
581	1022
677	1022
678	1022
679	1022
838	1022
970	1022
1316	1022
1500	1022
1501	1022
1502	1022
1713	1022
1833	1022
1847	1022
582	1023
583	1023
584	1023
585	1023
680	1023
681	1023
682	1023
838	1023
970	1023
1316	1023
1498	1023
1499	1023
1713	1023
1833	1023
1847	1023
586	1024
587	1024
588	1024
683	1024
684	1024
685	1024
838	1024
970	1024
1316	1024
1496	1024
1497	1024
1713	1024
1833	1024
1847	1024
589	1025
590	1025
591	1025
592	1025
686	1025
687	1025
839	1025
971	1025
1316	1025
1493	1025
1494	1025
1495	1025
1713	1025
1834	1025
1847	1025
593	1026
594	1026
595	1026
688	1026
689	1026
690	1026
839	1026
972	1026
1317	1026
1491	1026
1492	1026
1713	1026
1834	1026
1846	1026
596	1027
597	1027
598	1027
599	1027
691	1027
692	1027
693	1027
839	1027
972	1027
1317	1027
1489	1027
1490	1027
1713	1027
1834	1027
1846	1027
600	1028
601	1028
602	1028
694	1028
695	1028
696	1028
840	1028
973	1028
1317	1028
1486	1028
1487	1028
1488	1028
1713	1028
1834	1028
1846	1028
603	1029
604	1029
605	1029
606	1029
697	1029
698	1029
840	1029
974	1029
1317	1029
1484	1029
1485	1029
1713	1029
1834	1029
1846	1029
607	1030
608	1030
609	1030
699	1030
700	1030
701	1030
840	1030
974	1030
1317	1030
1482	1030
1483	1030
1713	1030
1834	1030
1845	1030
610	1031
611	1031
612	1031
613	1031
702	1031
703	1031
704	1031
840	1031
975	1031
1318	1031
1479	1031
1480	1031
1481	1031
1713	1031
1834	1031
1845	1031
614	1032
615	1032
616	1032
705	1032
706	1032
707	1032
841	1032
976	1032
1318	1032
1477	1032
1478	1032
1713	1032
1834	1032
1845	1032
617	1033
618	1033
619	1033
620	1033
708	1033
709	1033
841	1033
976	1033
1318	1033
1475	1033
1476	1033
1713	1033
1834	1033
1845	1033
621	1034
622	1034
623	1034
710	1034
711	1034
712	1034
841	1034
977	1034
1318	1034
1472	1034
1473	1034
1474	1034
1714	1034
1835	1034
1844	1034
624	1035
625	1035
626	1035
627	1035
713	1035
714	1035
715	1035
842	1035
978	1035
1318	1035
1470	1035
1471	1035
1714	1035
1835	1035
1844	1035
628	1036
629	1036
630	1036
716	1036
717	1036
718	1036
842	1036
978	1036
1319	1036
1468	1036
1469	1036
1714	1036
1835	1036
1844	1036
631	1037
632	1037
633	1037
634	1037
719	1037
720	1037
721	1037
842	1037
979	1037
1319	1037
1465	1037
1466	1037
1467	1037
1714	1037
1835	1037
1844	1037
635	1038
636	1038
637	1038
722	1038
723	1038
843	1038
980	1038
1319	1038
1463	1038
1464	1038
1714	1038
1835	1038
1844	1038
638	1039
639	1039
640	1039
641	1039
724	1039
725	1039
726	1039
843	1039
980	1039
1319	1039
1461	1039
1462	1039
1714	1039
1835	1039
1843	1039
642	1040
643	1040
644	1040
727	1040
728	1040
729	1040
843	1040
981	1040
1319	1040
1458	1040
1459	1040
1460	1040
1714	1040
1835	1040
1843	1040
645	1041
646	1041
647	1041
648	1041
730	1041
731	1041
732	1041
844	1041
982	1041
1319	1041
1456	1041
1457	1041
1714	1041
1835	1041
1843	1041
649	1042
650	1042
651	1042
652	1042
733	1042
734	1042
844	1042
983	1042
984	1042
1320	1042
1454	1042
1455	1042
1714	1042
1835	1042
1843	1042
653	1043
654	1043
655	1043
656	1043
735	1043
736	1043
737	1043
844	1043
985	1043
986	1043
1320	1043
1451	1043
1452	1043
1453	1043
1714	1043
1836	1043
1842	1043
657	1044
658	1044
659	1044
660	1044
738	1044
739	1044
740	1044
845	1044
987	1044
1320	1044
1449	1044
1450	1044
1714	1044
1836	1044
1842	1044
661	1045
662	1045
663	1045
741	1045
742	1045
743	1045
845	1045
988	1045
989	1045
1320	1045
1447	1045
1448	1045
1714	1045
1836	1045
1842	1045
664	1046
665	1046
666	1046
667	1046
744	1046
745	1046
845	1046
990	1046
991	1046
1320	1046
1444	1046
1445	1046
1446	1046
1715	1046
1836	1046
1842	1046
668	1047
669	1047
670	1047
671	1047
746	1047
747	1047
748	1047
846	1047
992	1047
1321	1047
1442	1047
1443	1047
1715	1047
1836	1047
1841	1047
672	1048
673	1048
674	1048
675	1048
749	1048
750	1048
751	1048
846	1048
993	1048
994	1048
1321	1048
1440	1048
1441	1048
1715	1048
1836	1048
1841	1048
676	1049
677	1049
678	1049
679	1049
752	1049
753	1049
754	1049
846	1049
995	1049
996	1049
1321	1049
1437	1049
1438	1049
1439	1049
1715	1049
1836	1049
1841	1049
680	1050
681	1050
682	1050
683	1050
755	1050
756	1050
757	1050
847	1050
997	1050
1321	1050
1435	1050
1436	1050
1715	1050
1836	1050
1841	1050
684	1051
685	1051
686	1051
687	1051
758	1051
759	1051
847	1051
998	1051
999	1051
1321	1051
1433	1051
1434	1051
1715	1051
1836	1051
1840	1051
688	1052
689	1052
690	1052
691	1052
760	1052
761	1052
762	1052
847	1052
1000	1052
1322	1052
1430	1052
1431	1052
1432	1052
1715	1052
1837	1052
1840	1052
692	1053
693	1053
694	1053
695	1053
763	1053
764	1053
765	1053
848	1053
1001	1053
1002	1053
1322	1053
1428	1053
1429	1053
1715	1053
1837	1053
1840	1053
696	1054
697	1054
698	1054
699	1054
766	1054
767	1054
768	1054
848	1054
1003	1054
1004	1054
1322	1054
1426	1054
1427	1054
1716	1054
1837	1054
1840	1054
700	1055
701	1055
702	1055
703	1055
769	1055
770	1055
848	1055
1005	1055
1322	1055
1423	1055
1424	1055
1425	1055
1716	1055
1837	1055
1839	1055
704	1056
705	1056
706	1056
707	1056
771	1056
772	1056
773	1056
849	1056
1006	1056
1007	1056
1322	1056
1421	1056
1422	1056
1716	1056
1837	1056
1838	1056
708	1057
709	1057
710	1057
774	1057
775	1057
776	1057
849	1057
1008	1057
1322	1057
1419	1057
1420	1057
1716	1057
1838	1057
711	1058
712	1058
713	1058
714	1058
777	1058
778	1058
779	1058
849	1058
1323	1058
1416	1058
1417	1058
1418	1058
1717	1058
1838	1058
715	1059
716	1059
717	1059
718	1059
780	1059
781	1059
850	1059
1323	1059
1414	1059
1415	1059
1717	1059
1838	1059
719	1060
720	1060
721	1060
722	1060
782	1060
783	1060
784	1060
850	1060
1323	1060
1412	1060
1413	1060
1717	1060
1838	1060
723	1061
724	1061
725	1061
726	1061
785	1061
786	1061
787	1061
850	1061
1323	1061
1409	1061
1410	1061
1411	1061
1717	1061
1837	1061
727	1062
728	1062
729	1062
730	1062
788	1062
789	1062
790	1062
851	1062
1323	1062
1407	1062
1408	1062
1717	1062
1837	1062
731	1063
732	1063
733	1063
734	1063
791	1063
792	1063
851	1063
1324	1063
1405	1063
1406	1063
1718	1063
1837	1063
735	1064
736	1064
737	1064
738	1064
793	1064
794	1064
795	1064
851	1064
1324	1064
1402	1064
1403	1064
1404	1064
1718	1064
1836	1064
739	1065
740	1065
741	1065
742	1065
796	1065
797	1065
852	1065
1324	1065
1400	1065
1401	1065
1718	1065
1835	1065
743	1066
744	1066
745	1066
746	1066
798	1066
799	1066
800	1066
852	1066
1324	1066
1398	1066
1399	1066
1718	1066
1834	1066
747	1067
748	1067
749	1067
750	1067
801	1067
802	1067
852	1067
1324	1067
1395	1067
1396	1067
1397	1067
1718	1067
1834	1067
751	1068
752	1068
753	1068
754	1068
803	1068
804	1068
852	1068
1325	1068
1393	1068
1394	1068
1719	1068
1833	1068
755	1069
756	1069
757	1069
805	1069
806	1069
853	1069
1325	1069
1391	1069
1392	1069
1719	1069
1832	1069
758	1070
759	1070
760	1070
761	1070
807	1070
808	1070
809	1070
853	1070
1325	1070
1388	1070
1389	1070
1390	1070
1719	1070
1831	1070
762	1071
763	1071
764	1071
765	1071
810	1071
811	1071
853	1071
1325	1071
1386	1071
1387	1071
1719	1071
1830	1071
766	1072
767	1072
768	1072
769	1072
812	1072
813	1072
854	1072
1325	1072
1384	1072
1385	1072
1720	1072
1829	1072
770	1073
771	1073
772	1073
773	1073
814	1073
815	1073
816	1073
854	1073
1326	1073
1381	1073
1382	1073
1383	1073
1720	1073
1828	1073
774	1074
775	1074
776	1074
777	1074
817	1074
818	1074
854	1074
1326	1074
1379	1074
1380	1074
1720	1074
1827	1074
778	1075
779	1075
780	1075
781	1075
819	1075
820	1075
855	1075
1326	1075
1377	1075
1378	1075
1720	1075
1827	1075
782	1076
783	1076
784	1076
821	1076
822	1076
855	1076
1326	1076
1374	1076
1375	1076
1376	1076
1720	1076
1826	1076
785	1077
786	1077
787	1077
788	1077
823	1077
824	1077
825	1077
855	1077
1326	1077
1372	1077
1373	1077
1721	1077
1825	1077
789	1078
790	1078
791	1078
792	1078
826	1078
827	1078
856	1078
1326	1078
1370	1078
1371	1078
1721	1078
1824	1078
793	1079
794	1079
795	1079
828	1079
829	1079
856	1079
1327	1079
1367	1079
1368	1079
1369	1079
1721	1079
1823	1079
796	1080
797	1080
798	1080
799	1080
830	1080
831	1080
856	1080
1327	1080
1365	1080
1366	1080
1721	1080
1822	1080
800	1081
801	1081
802	1081
803	1081
832	1081
833	1081
834	1081
857	1081
1327	1081
1363	1081
1364	1081
1721	1081
1821	1081
804	1082
805	1082
806	1082
835	1082
836	1082
857	1082
1327	1082
1360	1082
1361	1082
1362	1082
1722	1082
1821	1082
807	1083
808	1083
809	1083
810	1083
837	1083
838	1083
857	1083
1327	1083
1358	1083
1359	1083
1722	1083
1820	1083
811	1084
812	1084
813	1084
814	1084
839	1084
840	1084
841	1084
858	1084
1328	1084
1355	1084
1356	1084
1357	1084
1722	1084
1819	1084
815	1085
816	1085
817	1085
842	1085
843	1085
858	1085
1328	1085
1353	1085
1354	1085
1723	1085
1818	1085
818	1086
819	1086
820	1086
821	1086
844	1086
845	1086
858	1086
1328	1086
1351	1086
1352	1086
1723	1086
1817	1086
822	1087
823	1087
824	1087
825	1087
846	1087
847	1087
859	1087
1328	1087
1348	1087
1349	1087
1350	1087
1723	1087
1816	1087
826	1088
827	1088
828	1088
848	1088
849	1088
850	1088
859	1088
1328	1088
1346	1088
1347	1088
1724	1088
1815	1088
829	1089
830	1089
831	1089
832	1089
851	1089
852	1089
859	1089
1329	1089
1344	1089
1345	1089
1724	1089
1814	1089
833	1090
834	1090
835	1090
853	1090
854	1090
860	1090
1329	1090
1341	1090
1342	1090
1343	1090
1724	1090
1814	1090
836	1091
837	1091
838	1091
839	1091
855	1091
856	1091
860	1091
1329	1091
1339	1091
1340	1091
1725	1091
1813	1091
840	1092
841	1092
842	1092
843	1092
857	1092
858	1092
859	1092
860	1092
1329	1092
1337	1092
1338	1092
1725	1092
1812	1092
844	1093
845	1093
846	1093
861	1093
862	1093
863	1093
864	1093
865	1093
866	1093
867	1093
1329	1093
1334	1093
1335	1093
1336	1093
1725	1093
1811	1093
847	1094
848	1094
849	1094
850	1094
868	1094
869	1094
870	1094
871	1094
872	1094
873	1094
874	1094
875	1094
876	1094
877	1094
878	1094
879	1094
880	1094
881	1094
882	1094
883	1094
884	1094
885	1094
886	1094
887	1094
888	1094
889	1094
890	1094
891	1094
892	1094
893	1094
894	1094
895	1094
896	1094
897	1094
898	1094
899	1094
900	1094
901	1094
902	1094
903	1094
904	1094
905	1094
906	1094
907	1094
908	1094
909	1094
910	1094
911	1094
912	1094
913	1094
914	1094
915	1094
916	1094
917	1094
918	1094
919	1094
920	1094
921	1094
922	1094
923	1094
924	1094
925	1094
926	1094
927	1094
928	1094
929	1094
930	1094
931	1094
932	1094
933	1094
934	1094
935	1094
936	1094
937	1094
938	1094
939	1094
940	1094
941	1094
942	1094
943	1094
944	1094
945	1094
946	1094
947	1094
948	1094
949	1094
950	1094
951	1094
952	1094
953	1094
954	1094
955	1094
956	1094
957	1094
958	1094
959	1094
960	1094
961	1094
962	1094
963	1094
964	1094
965	1094
966	1094
967	1094
968	1094
969	1094
970	1094
971	1094
972	1094
973	1094
974	1094
975	1094
976	1094
977	1094
978	1094
979	1094
980	1094
981	1094
982	1094
983	1094
984	1094
985	1094
986	1094
987	1094
988	1094
989	1094
990	1094
991	1094
992	1094
993	1094
994	1094
995	1094
996	1094
997	1094
998	1094
999	1094
1000	1094
1001	1094
1002	1094
1003	1094
1004	1094
1005	1094
1006	1094
1007	1094
1008	1094
1009	1094
1010	1094
1011	1094
1012	1094
1013	1094
1014	1094
1015	1094
1016	1094
1017	1094
1018	1094
1019	1094
1020	1094
1021	1094
1022	1094
1023	1094
1024	1094
1025	1094
1026	1094
1027	1094
1028	1094
1029	1094
1030	1094
1031	1094
1032	1094
1033	1094
1034	1094
1035	1094
1036	1094
1037	1094
1038	1094
1039	1094
1040	1094
1041	1094
1042	1094
1043	1094
1044	1094
1045	1094
1046	1094
1047	1094
1048	1094
1049	1094
1050	1094
1051	1094
1052	1094
1053	1094
1054	1094
1055	1094
1056	1094
1057	1094
1058	1094
1059	1094
1060	1094
1061	1094
1062	1094
1063	1094
1064	1094
1065	1094
1066	1094
1067	1094
1068	1094
1069	1094
1070	1094
1071	1094
1072	1094
1073	1094
1074	1094
1075	1094
1076	1094
1077	1094
1078	1094
1079	1094
1080	1094
1081	1094
1082	1094
1083	1094
1084	1094
1085	1094
1086	1094
1087	1094
1088	1094
1089	1094
1090	1094
1091	1094
1092	1094
1093	1094
1329	1094
1332	1094
1333	1094
1726	1094
1810	1094
851	1095
852	1095
853	1095
854	1095
1094	1095
1095	1095
1096	1095
1097	1095
1098	1095
1099	1095
1100	1095
1101	1095
1102	1095
1103	1095
1104	1095
1105	1095
1106	1095
1107	1095
1108	1095
1109	1095
1110	1095
1111	1095
1112	1095
1113	1095
1114	1095
1115	1095
1116	1095
1117	1095
1118	1095
1119	1095
1120	1095
1121	1095
1122	1095
1123	1095
1124	1095
1125	1095
1126	1095
1127	1095
1128	1095
1129	1095
1130	1095
1131	1095
1132	1095
1133	1095
1134	1095
1135	1095
1136	1095
1137	1095
1138	1095
1139	1095
1140	1095
1141	1095
1142	1095
1143	1095
1144	1095
1145	1095
1146	1095
1147	1095
1148	1095
1149	1095
1150	1095
1151	1095
1152	1095
1153	1095
1154	1095
1155	1095
1156	1095
1157	1095
1158	1095
1159	1095
1160	1095
1161	1095
1162	1095
1163	1095
1164	1095
1165	1095
1166	1095
1167	1095
1168	1095
1169	1095
1170	1095
1171	1095
1172	1095
1173	1095
1174	1095
1175	1095
1176	1095
1177	1095
1178	1095
1179	1095
1180	1095
1181	1095
1182	1095
1183	1095
1184	1095
1185	1095
1186	1095
1187	1095
1188	1095
1189	1095
1190	1095
1191	1095
1192	1095
1193	1095
1194	1095
1195	1095
1196	1095
1197	1095
1198	1095
1199	1095
1200	1095
1201	1095
1202	1095
1203	1095
1204	1095
1205	1095
1206	1095
1207	1095
1208	1095
1209	1095
1210	1095
1211	1095
1212	1095
1213	1095
1214	1095
1215	1095
1216	1095
1217	1095
1218	1095
1219	1095
1220	1095
1221	1095
1222	1095
1223	1095
1224	1095
1225	1095
1226	1095
1227	1095
1228	1095
1229	1095
1230	1095
1231	1095
1232	1095
1233	1095
1234	1095
1235	1095
1236	1095
1237	1095
1238	1095
1239	1095
1240	1095
1241	1095
1242	1095
1243	1095
1244	1095
1245	1095
1246	1095
1247	1095
1248	1095
1249	1095
1250	1095
1251	1095
1252	1095
1253	1095
1254	1095
1255	1095
1256	1095
1257	1095
1258	1095
1259	1095
1260	1095
1261	1095
1262	1095
1263	1095
1264	1095
1265	1095
1266	1095
1267	1095
1268	1095
1269	1095
1270	1095
1271	1095
1272	1095
1273	1095
1274	1095
1275	1095
1276	1095
1277	1095
1278	1095
1279	1095
1280	1095
1281	1095
1282	1095
1283	1095
1284	1095
1285	1095
1286	1095
1287	1095
1288	1095
1289	1095
1290	1095
1291	1095
1292	1095
1293	1095
1294	1095
1295	1095
1296	1095
1297	1095
1298	1095
1299	1095
1300	1095
1301	1095
1302	1095
1303	1095
1304	1095
1305	1095
1306	1095
1307	1095
1308	1095
1309	1095
1310	1095
1311	1095
1312	1095
1313	1095
1314	1095
1315	1095
1316	1095
1317	1095
1318	1095
1330	1095
1331	1095
1726	1095
1809	1095
855	1096
856	1096
857	1096
1319	1096
1320	1096
1321	1096
1322	1096
1323	1096
1324	1096
1325	1096
1326	1096
1327	1096
1328	1096
1329	1096
1331	1096
1726	1096
1808	1096
858	1097
859	1097
860	1097
861	1097
1332	1097
1727	1097
1807	1097
862	1098
863	1098
864	1098
865	1098
1333	1098
1334	1098
1727	1098
1807	1098
866	1099
867	1099
868	1099
1335	1099
1728	1099
1806	1099
869	1100
870	1100
871	1100
872	1100
1336	1100
1337	1100
1728	1100
1805	1100
873	1101
874	1101
875	1101
876	1101
1338	1101
1728	1101
1804	1101
877	1102
878	1102
879	1102
1339	1102
1340	1102
1729	1102
1803	1102
880	1103
881	1103
882	1103
883	1103
1341	1103
1729	1103
1802	1103
884	1104
885	1104
886	1104
1342	1104
1343	1104
1729	1104
1801	1104
887	1105
888	1105
889	1105
890	1105
1344	1105
1730	1105
1799	1105
1800	1105
891	1106
892	1106
893	1106
894	1106
1345	1106
1346	1106
1730	1106
1797	1106
1798	1106
895	1107
896	1107
897	1107
1347	1107
1730	1107
1795	1107
1796	1107
898	1108
899	1108
900	1108
901	1108
1348	1108
1349	1108
1730	1108
1731	1108
1732	1108
1733	1108
1793	1108
1794	1108
902	1109
903	1109
904	1109
905	1109
906	1109
1350	1109
1730	1109
1734	1109
1735	1109
1736	1109
1737	1109
1791	1109
1792	1109
907	1110
908	1110
909	1110
910	1110
911	1110
1351	1110
1352	1110
1730	1110
1738	1110
1739	1110
1740	1110
1741	1110
1788	1110
1789	1110
1790	1110
912	1111
913	1111
914	1111
915	1111
1353	1111
1730	1111
1742	1111
1743	1111
1744	1111
1786	1111
1787	1111
916	1112
917	1112
918	1112
919	1112
920	1112
1354	1112
1729	1112
1745	1112
1746	1112
1747	1112
1748	1112
1784	1112
1785	1112
921	1113
922	1113
923	1113
924	1113
1355	1113
1356	1113
1729	1113
1749	1113
1750	1113
1751	1113
1752	1113
1782	1113
1783	1113
925	1114
926	1114
927	1114
928	1114
929	1114
1357	1114
1729	1114
1753	1114
1754	1114
1755	1114
1780	1114
1781	1114
930	1115
931	1115
932	1115
933	1115
934	1115
1358	1115
1359	1115
1729	1115
1756	1115
1757	1115
1758	1115
1759	1115
1778	1115
1779	1115
935	1116
936	1116
937	1116
938	1116
1360	1116
1729	1116
1760	1116
1761	1116
1762	1116
1763	1116
1776	1116
1777	1116
939	1117
940	1117
941	1117
942	1117
943	1117
1361	1117
1362	1117
1728	1117
1764	1117
1765	1117
1766	1117
1774	1117
1775	1117
944	1118
945	1118
946	1118
947	1118
948	1118
1363	1118
1728	1118
1767	1118
1768	1118
1772	1118
1773	1118
949	1119
950	1119
951	1119
952	1119
1364	1119
1365	1119
1728	1119
1769	1119
1770	1119
1771	1119
953	1120
954	1120
955	1120
956	1120
957	1120
1366	1120
1728	1120
1768	1120
958	1121
959	1121
960	1121
961	1121
962	1121
1367	1121
1368	1121
1727	1121
1766	1121
1767	1121
963	1122
964	1122
965	1122
966	1122
1369	1122
1727	1122
1764	1122
1765	1122
967	1123
968	1123
969	1123
970	1123
971	1123
1370	1123
1371	1123
1727	1123
1761	1123
1762	1123
1763	1123
972	1124
973	1124
974	1124
975	1124
1372	1124
1727	1124
1759	1124
1760	1124
976	1125
977	1125
978	1125
979	1125
980	1125
1373	1125
1374	1125
1727	1125
1757	1125
1758	1125
981	1126
982	1126
983	1126
984	1126
985	1126
1375	1126
1726	1126
1755	1126
1756	1126
986	1127
987	1127
988	1127
989	1127
1376	1127
1726	1127
1753	1127
1754	1127
990	1128
991	1128
992	1128
993	1128
994	1128
995	1128
1377	1128
1378	1128
1726	1128
1751	1128
1752	1128
996	1129
997	1129
998	1129
999	1129
1000	1129
1001	1129
1379	1129
1726	1129
1749	1129
1750	1129
1002	1130
1003	1130
1004	1130
1005	1130
1006	1130
1007	1130
1008	1130
1380	1130
1381	1130
1725	1130
1746	1130
1747	1130
1748	1130
1009	1131
1010	1131
1011	1131
1012	1131
1013	1131
1014	1131
1382	1131
1725	1131
1743	1131
1744	1131
1745	1131
1015	1132
1016	1132
1017	1132
1018	1132
1019	1132
1020	1132
1021	1132
1383	1132
1384	1132
1725	1132
1740	1132
1741	1132
1742	1132
1022	1133
1023	1133
1024	1133
1025	1133
1026	1133
1027	1133
1385	1133
1725	1133
1737	1133
1738	1133
1739	1133
1028	1134
1029	1134
1030	1134
1031	1134
1032	1134
1033	1134
1386	1134
1387	1134
1725	1134
1734	1134
1735	1134
1736	1134
1034	1135
1035	1135
1036	1135
1037	1135
1038	1135
1039	1135
1040	1135
1388	1135
1724	1135
1732	1135
1733	1135
1041	1136
1042	1136
1043	1136
1044	1136
1045	1136
1046	1136
1389	1136
1390	1136
1724	1136
1729	1136
1730	1136
1731	1136
1047	1137
1048	1137
1049	1137
1050	1137
1051	1137
1052	1137
1391	1137
1724	1137
1725	1137
1726	1137
1727	1137
1728	1137
1053	1138
1054	1138
1055	1138
1056	1138
1057	1138
1058	1138
1059	1138
1392	1138
1393	1138
1723	1138
1060	1139
1061	1139
1062	1139
1063	1139
1064	1139
1065	1139
1394	1139
1720	1139
1721	1139
1722	1139
1066	1140
1067	1140
1068	1140
1069	1140
1070	1140
1071	1140
1072	1140
1395	1140
1396	1140
1717	1140
1718	1140
1719	1140
1073	1141
1074	1141
1075	1141
1076	1141
1077	1141
1078	1141
1397	1141
1714	1141
1715	1141
1716	1141
1079	1142
1080	1142
1081	1142
1082	1142
1083	1142
1084	1142
1398	1142
1399	1142
1711	1142
1712	1142
1713	1142
1085	1143
1086	1143
1087	1143
1088	1143
1089	1143
1090	1143
1091	1143
1400	1143
1708	1143
1709	1143
1710	1143
1092	1144
1093	1144
1094	1144
1095	1144
1096	1144
1097	1144
1401	1144
1705	1144
1706	1144
1707	1144
1098	1145
1099	1145
1100	1145
1101	1145
1102	1145
1103	1145
1402	1145
1403	1145
1702	1145
1703	1145
1704	1145
1104	1146
1105	1146
1106	1146
1107	1146
1108	1146
1109	1146
1110	1146
1404	1146
1699	1146
1700	1146
1701	1146
1111	1147
1112	1147
1113	1147
1114	1147
1115	1147
1116	1147
1405	1147
1406	1147
1696	1147
1697	1147
1698	1147
1117	1148
1118	1148
1119	1148
1120	1148
1121	1148
1122	1148
1123	1148
1407	1148
1693	1148
1694	1148
1695	1148
1124	1149
1125	1149
1126	1149
1127	1149
1128	1149
1129	1149
1408	1149
1409	1149
1690	1149
1691	1149
1692	1149
1130	1150
1131	1150
1132	1150
1133	1150
1134	1150
1135	1150
1410	1150
1686	1150
1687	1150
1688	1150
1689	1150
1136	1151
1137	1151
1138	1151
1139	1151
1140	1151
1141	1151
1142	1151
1411	1151
1412	1151
1682	1151
1683	1151
1684	1151
1685	1151
1143	1152
1144	1152
1145	1152
1146	1152
1147	1152
1148	1152
1149	1152
1413	1152
1679	1152
1680	1152
1681	1152
1150	1153
1151	1153
1152	1153
1153	1153
1154	1153
1155	1153
1156	1153
1157	1153
1414	1153
1415	1153
1675	1153
1676	1153
1677	1153
1678	1153
1158	1154
1159	1154
1160	1154
1161	1154
1162	1154
1163	1154
1164	1154
1165	1154
1416	1154
1671	1154
1672	1154
1673	1154
1674	1154
1166	1155
1167	1155
1168	1155
1169	1155
1170	1155
1171	1155
1172	1155
1173	1155
1417	1155
1418	1155
1668	1155
1669	1155
1670	1155
1174	1156
1175	1156
1176	1156
1177	1156
1178	1156
1179	1156
1180	1156
1181	1156
1419	1156
1664	1156
1665	1156
1666	1156
1667	1156
1182	1157
1183	1157
1184	1157
1185	1157
1186	1157
1187	1157
1188	1157
1189	1157
1420	1157
1421	1157
1660	1157
1661	1157
1662	1157
1663	1157
1190	1158
1191	1158
1192	1158
1193	1158
1194	1158
1195	1158
1196	1158
1197	1158
1422	1158
1657	1158
1658	1158
1659	1158
1198	1159
1199	1159
1200	1159
1201	1159
1202	1159
1203	1159
1204	1159
1205	1159
1206	1159
1423	1159
1424	1159
1653	1159
1654	1159
1655	1159
1656	1159
1207	1160
1208	1160
1209	1160
1210	1160
1211	1160
1212	1160
1213	1160
1214	1160
1425	1160
1649	1160
1650	1160
1651	1160
1652	1160
1215	1161
1216	1161
1217	1161
1218	1161
1219	1161
1220	1161
1221	1161
1222	1161
1426	1161
1646	1161
1647	1161
1648	1161
1223	1162
1224	1162
1225	1162
1226	1162
1227	1162
1228	1162
1229	1162
1230	1162
1231	1162
1232	1162
1427	1162
1428	1162
1642	1162
1643	1162
1644	1162
1645	1162
1233	1163
1234	1163
1235	1163
1236	1163
1237	1163
1238	1163
1239	1163
1240	1163
1241	1163
1242	1163
1243	1163
1429	1163
1638	1163
1639	1163
1640	1163
1641	1163
1244	1164
1245	1164
1246	1164
1247	1164
1248	1164
1249	1164
1250	1164
1251	1164
1252	1164
1253	1164
1430	1164
1431	1164
1635	1164
1636	1164
1637	1164
1254	1165
1255	1165
1256	1165
1257	1165
1258	1165
1259	1165
1260	1165
1261	1165
1262	1165
1263	1165
1264	1165
1432	1165
1631	1165
1632	1165
1633	1165
1634	1165
1265	1166
1266	1166
1267	1166
1268	1166
1269	1166
1270	1166
1271	1166
1272	1166
1273	1166
1274	1166
1275	1166
1433	1166
1434	1166
1627	1166
1628	1166
1629	1166
1630	1166
1276	1167
1277	1167
1278	1167
1279	1167
1280	1167
1281	1167
1282	1167
1283	1167
1284	1167
1285	1167
1435	1167
1624	1167
1625	1167
1626	1167
1286	1168
1287	1168
1288	1168
1289	1168
1290	1168
1291	1168
1292	1168
1293	1168
1294	1168
1295	1168
1296	1168
1436	1168
1437	1168
1618	1168
1619	1168
1620	1168
1621	1168
1622	1168
1623	1168
1297	1169
1298	1169
1299	1169
1300	1169
1301	1169
1302	1169
1303	1169
1304	1169
1305	1169
1306	1169
1438	1169
1612	1169
1613	1169
1614	1169
1615	1169
1616	1169
1617	1169
1307	1170
1308	1170
1309	1170
1310	1170
1311	1170
1312	1170
1313	1170
1314	1170
1315	1170
1316	1170
1317	1170
1439	1170
1440	1170
1607	1170
1608	1170
1609	1170
1610	1170
1611	1170
1318	1171
1319	1171
1320	1171
1321	1171
1322	1171
1323	1171
1324	1171
1325	1171
1326	1171
1327	1171
1441	1171
1601	1171
1602	1171
1603	1171
1604	1171
1605	1171
1606	1171
1328	1172
1329	1172
1330	1172
1331	1172
1332	1172
1333	1172
1334	1172
1335	1172
1336	1172
1337	1172
1338	1172
1442	1172
1443	1172
1595	1172
1596	1172
1597	1172
1598	1172
1599	1172
1600	1172
1339	1173
1340	1173
1341	1173
1342	1173
1343	1173
1344	1173
1345	1173
1346	1173
1347	1173
1348	1173
1444	1173
1589	1173
1590	1173
1591	1173
1592	1173
1593	1173
1594	1173
1349	1174
1350	1174
1351	1174
1352	1174
1353	1174
1354	1174
1355	1174
1356	1174
1357	1174
1358	1174
1359	1174
1360	1174
1445	1174
1446	1174
1584	1174
1585	1174
1586	1174
1587	1174
1588	1174
1361	1175
1362	1175
1363	1175
1364	1175
1365	1175
1366	1175
1367	1175
1368	1175
1369	1175
1370	1175
1371	1175
1372	1175
1373	1175
1374	1175
1375	1175
1376	1175
1377	1175
1447	1175
1578	1175
1579	1175
1580	1175
1581	1175
1582	1175
1583	1175
1378	1176
1379	1176
1380	1176
1381	1176
1382	1176
1383	1176
1384	1176
1385	1176
1386	1176
1387	1176
1388	1176
1389	1176
1390	1176
1391	1176
1392	1176
1393	1176
1394	1176
1448	1176
1572	1176
1573	1176
1574	1176
1575	1176
1576	1176
1577	1176
1395	1177
1396	1177
1397	1177
1398	1177
1399	1177
1400	1177
1401	1177
1402	1177
1403	1177
1404	1177
1405	1177
1406	1177
1407	1177
1408	1177
1409	1177
1410	1177
1411	1177
1412	1177
1449	1177
1450	1177
1566	1177
1567	1177
1568	1177
1569	1177
1570	1177
1571	1177
1413	1178
1414	1178
1415	1178
1416	1178
1417	1178
1418	1178
1419	1178
1420	1178
1421	1178
1422	1178
1423	1178
1424	1178
1425	1178
1426	1178
1427	1178
1428	1178
1429	1178
1451	1178
1561	1178
1562	1178
1563	1178
1564	1178
1565	1178
1430	1179
1431	1179
1432	1179
1433	1179
1434	1179
1435	1179
1436	1179
1437	1179
1438	1179
1439	1179
1440	1179
1441	1179
1442	1179
1443	1179
1444	1179
1445	1179
1446	1179
1447	1179
1451	1179
1552	1179
1553	1179
1554	1179
1555	1179
1556	1179
1557	1179
1558	1179
1559	1179
1560	1179
1448	1180
1449	1180
1450	1180
1451	1180
1452	1180
1453	1180
1454	1180
1455	1180
1456	1180
1457	1180
1458	1180
1459	1180
1460	1180
1461	1180
1462	1180
1463	1180
1464	1180
1465	1180
1466	1180
1467	1180
1468	1180
1469	1180
1538	1180
1539	1180
1540	1180
1541	1180
1542	1180
1543	1180
1544	1180
1545	1180
1546	1180
1547	1180
1548	1180
1549	1180
1550	1180
1551	1180
1456	1181
1470	1181
1471	1181
1472	1181
1473	1181
1474	1181
1475	1181
1476	1181
1477	1181
1478	1181
1479	1181
1480	1181
1481	1181
1482	1181
1483	1181
1484	1181
1485	1181
1486	1181
1487	1181
1488	1181
1489	1181
1490	1181
1491	1181
1492	1181
1493	1181
1494	1181
1495	1181
1496	1181
1497	1181
1498	1181
1499	1181
1500	1181
1524	1181
1525	1181
1526	1181
1527	1181
1528	1181
1529	1181
1530	1181
1531	1181
1532	1181
1533	1181
1534	1181
1535	1181
1536	1181
1537	1181
1457	1182
1501	1182
1502	1182
1503	1182
1504	1182
1505	1182
1506	1182
1507	1182
1508	1182
1509	1182
1510	1182
1511	1182
1512	1182
1513	1182
1514	1182
1515	1182
1516	1182
1517	1182
1518	1182
1519	1182
1520	1182
1521	1182
1522	1182
1523	1182
