820	542
821	542
822	542
823	542
824	542
825	542
826	542
827	542
828	542
829	542
830	542
814	543
815	543
816	543
817	543
818	543
819	543
831	543
832	543
833	543
807	544
808	544
809	544
810	544
811	544
812	544
813	544
834	544
800	545
801	545
802	545
803	545
804	545
805	545
806	545
835	545
794	546
795	546
796	546
797	546
798	546
799	546
836	546
787	547
788	547
789	547
790	547
791	547
792	547
793	547
836	547
780	548
781	548
782	548
783	548
784	548
785	548
786	548
836	548
773	549
774	549
775	549
776	549
777	549
778	549
779	549
836	549
561	550
562	550
563	550
564	550
565	550
566	550
567	550
568	550
569	550
570	550
571	550
572	550
573	550
574	550
575	550
576	550
767	550
768	550
769	550
770	550
771	550
772	550
835	550
551	551
552	551
553	551
554	551
555	551
556	551
557	551
558	551
559	551
560	551
577	551
578	551
579	551
580	551
581	551
582	551
583	551
584	551
585	551
586	551
587	551
588	551
589	551
590	551
591	551
592	551
593	551
594	551
595	551
596	551
760	551
761	551
762	551
763	551
764	551
765	551
766	551
834	551
541	552
542	552
543	552
544	552
545	552
546	552
547	552
548	552
549	552
550	552
597	552
598	552
599	552
600	552
601	552
602	552
603	552
604	552
605	552
606	552
607	552
608	552
609	552
753	552
754	552
755	552
756	552
757	552
758	552
759	552
833	552
535	553
536	553
537	553
538	553
539	553
540	553
610	553
611	553
612	553
613	553
614	553
748	553
749	553
750	553
751	553
752	553
832	553
530	554
531	554
532	554
533	554
534	554
615	554
616	554
617	554
618	554
743	554
744	554
745	554
746	554
747	554
831	554
524	555
525	555
526	555
527	555
528	555
529	555
619	555
620	555
621	555
622	555
737	555
738	555
739	555
740	555
741	555
742	555
829	555
830	555
520	556
521	556
522	556
523	556
623	556
624	556
625	556
626	556
732	556
733	556
734	556
735	556
736	556
827	556
828	556
515	557
516	557
517	557
518	557
519	557
627	557
628	557
629	557
727	557
728	557
729	557
730	557
731	557
825	557
826	557
512	558
513	558
514	558
630	558
631	558
632	558
722	558
723	558
724	558
725	558
726	558
824	558
510	559
511	559
633	559
634	559
635	559
636	559
717	559
718	559
719	559
720	559
721	559
822	559
823	559
507	560
508	560
509	560
637	560
638	560
639	560
713	560
714	560
715	560
716	560
821	560
505	561
506	561
640	561
641	561
642	561
643	561
644	561
707	561
708	561
709	561
710	561
711	561
712	561
820	561
503	562
504	562
645	562
646	562
647	562
648	562
702	562
703	562
704	562
705	562
706	562
819	562
501	563
502	563
649	563
650	563
651	563
652	563
653	563
654	563
693	563
694	563
695	563
696	563
697	563
698	563
699	563
700	563
701	563
818	563
499	564
500	564
655	564
656	564
657	564
658	564
659	564
660	564
661	564
662	564
681	564
682	564
683	564
684	564
685	564
686	564
687	564
688	564
689	564
690	564
691	564
692	564
817	564
498	565
663	565
664	565
665	565
666	565
667	565
668	565
669	565
670	565
671	565
672	565
673	565
674	565
675	565
676	565
677	565
678	565
679	565
680	565
816	565
497	566
816	566
496	567
815	567
495	568
814	568
494	569
814	569
493	570
813	570
492	571
813	571
491	572
813	572
490	573
812	573
489	574
812	574
487	575
488	575
812	575
485	576
486	576
488	576
811	576
482	577
483	577
484	577
487	577
811	577
480	578
481	578
487	578
811	578
479	579
486	579
811	579
476	580
477	580
478	580
485	580
811	580
474	581
475	581
485	581
811	581
472	582
473	582
484	582
810	582
470	583
471	583
483	583
810	583
468	584
469	584
483	584
810	584
467	585
482	585
810	585
466	586
481	586
810	586
464	587
465	587
481	587
810	587
463	588
480	588
810	588
461	589
462	589
479	589
810	589
460	590
479	590
810	590
458	591
459	591
478	591
811	591
457	592
477	592
811	592
455	593
456	593
477	593
811	593
454	594
476	594
811	594
452	595
453	595
475	595
811	595
451	596
475	596
524	596
525	596
526	596
527	596
528	596
529	596
530	596
531	596
532	596
533	596
534	596
535	596
536	596
811	596
450	597
474	597
518	597
519	597
520	597
521	597
522	597
523	597
537	597
538	597
539	597
540	597
541	597
542	597
543	597
544	597
812	597
449	598
473	598
514	598
515	598
516	598
517	598
545	598
546	598
812	598
447	599
448	599
473	599
511	599
512	599
513	599
547	599
548	599
549	599
813	599
446	600
472	600
508	600
509	600
510	600
550	600
551	600
552	600
813	600
445	601
471	601
505	601
506	601
507	601
553	601
813	601
444	602
471	602
502	602
503	602
504	602
554	602
555	602
814	602
443	603
470	603
499	603
500	603
501	603
556	603
814	603
441	604
442	604
469	604
496	604
497	604
498	604
557	604
558	604
814	604
440	605
469	605
493	605
494	605
495	605
559	605
815	605
439	606
468	606
491	606
492	606
560	606
561	606
816	606
438	607
467	607
489	607
490	607
560	607
562	607
563	607
564	607
816	607
437	608
467	608
487	608
488	608
560	608
565	608
566	608
817	608
436	609
466	609
485	609
486	609
560	609
567	609
568	609
569	609
818	609
435	610
465	610
483	610
484	610
560	610
570	610
571	610
572	610
819	610
434	611
465	611
481	611
482	611
560	611
573	611
574	611
575	611
576	611
820	611
433	612
464	612
480	612
559	612
577	612
578	612
579	612
820	612
432	613
463	613
478	613
479	613
559	613
580	613
581	613
582	613
583	613
821	613
431	614
463	614
475	614
476	614
477	614
559	614
584	614
585	614
586	614
587	614
588	614
822	614
430	615
462	615
473	615
474	615
559	615
589	615
590	615
591	615
592	615
593	615
823	615
429	616
461	616
471	616
472	616
559	616
594	616
595	616
596	616
597	616
598	616
599	616
600	616
824	616
428	617
461	617
469	617
470	617
559	617
601	617
602	617
603	617
604	617
825	617
427	618
460	618
467	618
468	618
559	618
605	618
606	618
607	618
608	618
609	618
610	618
611	618
612	618
613	618
614	618
615	618
616	618
617	618
618	618
826	618
426	619
459	619
465	619
466	619
559	619
608	619
619	619
620	619
621	619
622	619
623	619
624	619
625	619
626	619
627	619
628	619
629	619
630	619
631	619
632	619
633	619
634	619
635	619
636	619
637	619
638	619
639	619
640	619
641	619
642	619
643	619
644	619
645	619
646	619
647	619
827	619
425	620
459	620
463	620
464	620
559	620
608	620
641	620
648	620
649	620
650	620
651	620
828	620
424	621
459	621
460	621
461	621
462	621
559	621
607	621
641	621
652	621
653	621
654	621
655	621
829	621
423	622
458	622
558	622
607	622
641	622
656	622
830	622
831	622
422	623
457	623
558	623
607	623
641	623
657	623
658	623
659	623
660	623
661	623
662	623
663	623
832	623
421	624
452	624
453	624
454	624
455	624
456	624
558	624
607	624
641	624
657	624
664	624
665	624
666	624
667	624
833	624
420	625
447	625
448	625
449	625
450	625
451	625
558	625
607	625
641	625
657	625
668	625
669	625
670	625
834	625
419	626
444	626
445	626
446	626
558	626
607	626
640	626
657	626
671	626
672	626
835	626
836	626
418	627
442	627
443	627
558	627
607	627
640	627
657	627
673	627
674	627
675	627
837	627
418	628
440	628
441	628
558	628
607	628
640	628
656	628
676	628
677	628
838	628
839	628
417	629
438	629
439	629
558	629
607	629
640	629
656	629
678	629
679	629
840	629
841	629
416	630
437	630
558	630
607	630
608	630
640	630
641	630
642	630
643	630
644	630
645	630
646	630
647	630
648	630
649	630
650	630
651	630
652	630
653	630
654	630
655	630
680	630
681	630
842	630
415	631
435	631
436	631
558	631
606	631
609	631
610	631
640	631
682	631
683	631
843	631
844	631
414	632
433	632
434	632
557	632
606	632
611	632
627	632
628	632
629	632
639	632
684	632
685	632
845	632
413	633
431	633
432	633
557	633
572	633
573	633
574	633
575	633
576	633
606	633
612	633
626	633
630	633
631	633
638	633
686	633
687	633
846	633
412	634
430	634
557	634
570	634
571	634
577	634
591	634
592	634
593	634
594	634
605	634
613	634
614	634
625	634
632	634
633	634
634	634
635	634
636	634
637	634
688	634
847	634
848	634
411	635
428	635
429	635
557	635
568	635
569	635
578	635
590	635
595	635
605	635
615	635
616	635
624	635
689	635
690	635
849	635
411	636
427	636
557	636
567	636
579	636
588	636
589	636
596	636
597	636
605	636
617	636
618	636
622	636
623	636
691	636
692	636
850	636
410	637
426	637
558	637
565	637
566	637
580	637
587	637
598	637
604	637
619	637
620	637
621	637
693	637
851	637
409	638
425	638
558	638
564	638
581	638
582	638
583	638
584	638
586	638
599	638
600	638
601	638
602	638
603	638
694	638
852	638
408	639
424	639
559	639
560	639
561	639
562	639
563	639
585	639
695	639
696	639
853	639
407	640
423	640
697	640
854	640
407	641
422	641
698	641
854	641
406	642
421	642
699	642
855	642
405	643
419	643
420	643
700	643
855	643
404	644
418	644
701	644
702	644
856	644
403	645
417	645
703	645
856	645
403	646
416	646
704	646
857	646
402	647
415	647
705	647
857	647
401	648
414	648
706	648
857	648
400	649
413	649
707	649
857	649
400	650
412	650
708	650
857	650
399	651
411	651
709	651
857	651
399	652
410	652
710	652
857	652
398	653
409	653
711	653
857	653
397	654
408	654
712	654
857	654
397	655
407	655
713	655
857	655
396	656
406	656
714	656
856	656
396	657
405	657
715	657
856	657
395	658
404	658
716	658
855	658
395	659
403	659
717	659
855	659
394	660
402	660
717	660
762	660
763	660
764	660
765	660
766	660
767	660
768	660
769	660
770	660
771	660
772	660
773	660
774	660
775	660
776	660
777	660
778	660
779	660
780	660
781	660
782	660
783	660
784	660
785	660
786	660
787	660
788	660
789	660
790	660
791	660
792	660
793	660
794	660
795	660
796	660
855	660
393	661
401	661
718	661
760	661
761	661
797	661
798	661
799	661
800	661
801	661
802	661
803	661
804	661
854	661
393	662
398	662
399	662
400	662
719	662
757	662
758	662
759	662
805	662
806	662
807	662
854	662
393	663
394	663
395	663
396	663
397	663
720	663
756	663
808	663
809	663
810	663
853	663
392	664
721	664
755	664
811	664
812	664
813	664
814	664
852	664
722	665
754	665
815	665
816	665
817	665
852	665
723	666
753	666
818	666
819	666
820	666
851	666
724	667
752	667
821	667
822	667
823	667
850	667
725	668
752	668
824	668
825	668
826	668
848	668
849	668
725	669
752	669
827	669
828	669
829	669
830	669
847	669
726	670
752	670
831	670
832	670
833	670
834	670
835	670
836	670
837	670
838	670
843	670
844	670
845	670
846	670
727	671
752	671
839	671
840	671
841	671
842	671
728	672
753	672
729	673
753	673
730	674
753	674
731	675
754	675
732	676
755	676
733	677
755	677
734	678
756	678
757	678
758	678
735	679
736	679
759	679
760	679
761	679
762	679
737	680
763	680
764	680
765	680
738	681
766	681
767	681
739	682
768	682
740	683
769	683
741	684
769	684
742	685
770	685
743	686
770	686
744	687
770	687
745	688
770	688
746	689
769	689
747	690
748	690
769	690
749	691
750	691
769	691
751	692
752	692
753	692
768	692
754	693
755	693
756	693
757	693
766	693
767	693
758	694
759	694
760	694
761	694
762	694
763	694
764	694
765	694
